0 0
26347 1
22535 1
21007 1
4039 1
16000 1
20926 1
18041 1
11055 0
14832 0
25529 1
11593 1
7680 0
18060 0
15629 1
16556 1
6491 1
17791 1
11583 0
1796 1
14819 1
14806 1
16015 1
18138 0
3290 1
18007 1
25606 1
19103 1
2246 1
6528 0
649 1
16926 0
16025 1
6392 1
18289 1
3283 1
7850 1
14831 1
24875 1
12045 0
10280 1
17377 1
10491 0
4383 0
14883 0
12449 1
25384 1
18087 0
22525 1
7847 1
25010 1
22564 1
6387 0
4447 1
16141 1
16002 0
12365 1
10489 1
1144 1
20940 0
17860 1
20695 1
19225 1
25030 1
9976 1
22941 0
19179 0
21008 1
14804 1
24805 1
16768 1
20563 1
26820 0
20933 1
16375 1
10991 1
6506 1
20815 1
3282 0
14895 0
23721 0
15985 1
22932 0
20932 1
16651 1
19901 1
8060 1
5349 0
11034 0
3281 1
18825 0
24398 1
9485 1
25177 1
14826 0
14807 1
23692 1
14849 1
23638 1
2880 0
24052 1
1065 0
14532 0
21305 1
10287 0
26886 0
11428 1
15884 1
19013 1
10946 1
9666 0
1253 1
1541 1
3049 1
14817 0
25819 1
884 1
16147 1
26204 1
16006 1
9593 1
15993 0
8756 1
8442 0
5173 1
18054 0
19380 0
9205 1
15291 0
5521 1
15299 1
9718 1
11605 1
1834 1
3999 0
8077 1
1352 1
9918 0
26030 1
15823 1
22170 0
15989 1
124 1
12467 1
12455 1
117 0
11167 1
24257 1
11571 0
14891 1
26853 0
7454 1
3045 0
12939 0
10630 1
17170 1
7681 1
210 0
1811 1
16022 1
7412 1
14742 0
24202 1
18095 1
5543 1
10441 1
16851 0
27592 1
2790 0
18688 1
15922 1
4027 1
6489 0
8938 1
21116 1
20833 1
14920 1
25493 1
10509 0
6464 1
26506 1
14631 0
5127 0
14881 1
9214 1
17874 0
3226 1
20622 0
610 1
3274 1
16142 1
490 1
14651 1
22559 1
15170 1
15611 1
25614 0
22551 0
502 1
8443 1
