0 0
10477 1
22535 1
21007 1
14836 1
15988 1
20936 1
23689 1
14817 0
11055 0
26191 1
20949 0
4597 1
2882 1
15299 1
16026 0
25039 1
1813 1
4445 1
20815 1
20843 1
11593 1
14806 1
6381 0
9693 0
18947 1
1541 1
17368 1
12770 1
25686 0
20499 0
13741 1
24754 1
19082 1
7842 0
14819 1
14825 1
10395 0
7453 1
6488 1
21128 1
18025 1
22556 1
8969 1
14741 1
10288 1
3281 1
21757 1
2221 1
12045 0
13738 1
11063 1
17156 1
25358 1
14864 1
26820 0
11056 1
1259 1
24948 0
1800 0
14888 1
6956 1
20940 0
20537 1
12898 1
17381 1
312 0
25077 0
16005 0
26221 1
10148 1
25384 1
16022 1
22551 0
23840 1
8497 1
3055 1
8067 0
8383 1
24254 1
16122 0
18059 1
16369 1
21737 1
17796 0
17285 1
6480 0
9260 1
11160 0
14439 0
4010 1
1590 0
22567 1
8762 1
6398 1
5719 1
22937 1
15534 0
4047 0
13617 0
19297 1
4421 1
649 1
7669 1
25541 1
5233 1
23233 1
24382 1
16133 1
19153 1
26876 1
18651 0
8654 1
6424 1
10735 1
27586 1
16037 1
10287 0
22973 1
14807 1
24317 1
1826 1
15327 0
1253 1
8760 0
7275 0
25073 1
25098 0
24975 0
850 1
16167 0
23927 1
8065 1
23461 1
1650 0
16006 1
3283 1
7263 0
3881 1
27637 1
20933 1
1811 1
9692 1
8592 0
9940 1
25237 1
18110 1
26625 0
6277 1
25675 1
18295 1
26872 1
15302 1
20908 1
16989 0
21169 1
10441 1
18416 1
6473 1
9685 1
25346 1
14163 0
3263 1
4241 1
27611 1
24091 1
25976 1
3694 1
15627 0
13094 1
2153 1
16313 1
20938 1
16792 1
3267 0
27635 1
6533 1
25839 0
7836 0
3517 1
14971 1
3276 0
10232 1
11050 1
11374 1
7847 1
3275 1
14603 1
8390 1
8418 0
22069 1
20270 1
1796 1
8767 1
17008 1
10135 1
7174 1
15614 1
22470 0
2708 1
