0.2773500981126146
-0.2773500981126146
0.2773500981126146
-0.2773500981126146
0.2773500981126146
-0.2773500981126146
0.2773500981126146
-0.2773500981126146
0.2773500981126146
-0.2773500981126146
0.2773500981126146
-0.2773500981126146
0.2773500981126146
-0.2773500981126146
0.25318484177091666
-0.11322770341445958
-0.22901430620717222
0.15267620413811483
-0.03413943709994594
0.20483662259967567
-0.1773937187967248
0.05913123959890826
-0.18064892093237822
0.19312181983410703
-0.08362420100070908
0.15644655469368596
-0.20197163363339118
0.10795837927188262
-0.13222147133698628
0.20483662259967567
-0.13222147133698628
0.10795837927188262
-0.20197163363339118
0.15644655469368596
-0.08362420100070908
0.19312181983410703
-0.18064892093237822
0.05913123959890826
-0.1773937187967248
0.20483662259967567
-0.03413943709994594
0.15267620413811483
-0.22901430620717222
-0.11322770341445958
0.25318484177091666
-0.2773500981126146
0.2773500981126146
-0.22645540682891915
0.16012815380508713
0.18064892093237822
-0.19312181983410703
0.08362420100070908
-0.13993005245628826
0.19789097796726146
-0.12955005512625914
0.03739787960033829
0.10429770312912398
-0.186573403275051
0.16157730690671296
-0.07051811804639269
0.012465959866779428
-0.07374961314478497
0.16490914830605122
-0.18064892093237822
0.10429770312912398
-0.027874733666903025
0.04828045495852676
-0.13655774839978377
0.18698939800169143
-0.13655774839978377
0.04828045495852676
-0.027874733666903025
0.10429770312912398
-0.18064892093237822
0.16490914830605122
-0.07374961314478497
0.012465959866779428
-0.07051811804639269
0.16157730690671296
-0.186573403275051
0.10429770312912398
0.03739787960033829
-0.12955005512625914
0.19789097796726146
-0.13993005245628826
0.08362420100070908
-0.19312181983410703
0.18064892093237822
0.16012815380508713
-0.22645540682891915
0.2773500981126146
0.06629935441317959
0.15548576840284828
0.2198900824313101
-0.10482848367219184
-0.17225077552896437
-0.10994504121565506
0.15548576840284828
0.13409704688030227
0.15644655469368596
0.019990007493755464
-0.17225077552896437
0.06629935441317959
-0.15484193222775275
-0.12241329578528218
0.04997501873438866
0.15644655469368596
-0.10482848367219184
0.16724840200141816
0.07742096611387637
-0.09995003746877731
-0.12241329578528218
0.13409704688030227
-0.17137861409939506
-0.026444294267397254
0.12993504870941053
0.07742096611387637
-0.15484193222775275
0.16724840200141816
-0.026444294267397254
-0.13993005245628826
-0.026444294267397254
0.16724840200141816
-0.15484193222775275
0.07742096611387637
0.12993504870941053
-0.026444294267397254
-0.17137861409939506
0.13409704688030227
-0.12241329578528218
-0.09995003746877731
0.07742096611387637
0.16724840200141816
-0.10482848367219184
0.15644655469368596
0.04997501873438866
-0.12241329578528218
-0.15484193222775275
0.06629935441317959
-0.17225077552896437
0.019990007493755464
0.15644655469368596
0.13409704688030227
0.15548576840284828
-0.10994504121565506
-0.17225077552896437
-0.10482848367219184
0.2198900824313101
0.15548576840284828
0.06629935441317959
-0.2773500981126146
0.19611613513818404
-0.19611613513818404
-0.13222147133698628
0.20483662259967567
-0.13222147133698628
0.08362420100070908
-0.1773937187967248
0.1773937187967248
-0.08362420100070908
-0.04828045495852676
0.13655774839978377
-0.18698939800169143
0.13655774839978377
-0.04828045495852676
0.02414022747926338
-0.09349469900084571
0.17069718549972973
-0.17069718549972973
0.09349469900084571
-0.02414022747926338
-0.009124148357522649
0.054744890145135894
-0.13686222536283973
0.18248296715045298
-0.13686222536283973
0.054744890145135894
-0.009124148357522649
-0.02414022747926338
0.09349469900084571
-0.17069718549972973
0.17069718549972973
-0.09349469900084571
0.02414022747926338
-0.04828045495852676
0.13655774839978377
-0.18698939800169143
0.13655774839978377
-0.04828045495852676
-0.08362420100070908
0.1773937187967248
-0.1773937187967248
0.08362420100070908
-0.13222147133698628
0.20483662259967567
-0.13222147133698628
-0.19611613513818404
0.19611613513818404
-0.2773500981126146
-0.10482848367219184
-0.18156825980064073
-0.18156825980064073
0.14824986333222023
0.14824986333222023
0.0
-0.18156825980064073
-0.16724840200141816
-0.07742096611387637
0.09995003746877731
0.12241329578528218
-0.13409704688030227
0.16724840200141816
0.0
-0.13409704688030227
-0.0316069770620507
0.15484193222775275
-0.07742096611387637
-0.15267620413811483
0.06827887419989188
0.11826247919781652
-0.051613977409250916
-0.12773807700531709
0.12241329578528218
-0.0316069770620507
0.12773807700531709
-0.11826247919781652
-0.06827887419989188
0.10795837927188262
0.07067534927402196
-0.14598637372036238
0.0632139541241014
-0.09656090991705352
0.14484136487558028
0.0
-0.12773807700531709
0.0
0.14484136487558028
-0.09656090991705352
0.0632139541241014
-0.14598637372036238
0.07067534927402196
0.10795837927188262
-0.06827887419989188
-0.11826247919781652
0.12773807700531709
-0.0316069770620507
0.12241329578528218
-0.12773807700531709
-0.051613977409250916
0.11826247919781652
0.06827887419989188
-0.15267620413811483
-0.07742096611387637
0.15484193222775275
-0.0316069770620507
-0.13409704688030227
0.0
0.16724840200141816
-0.13409704688030227
0.12241329578528218
0.09995003746877731
-0.07742096611387637
-0.16724840200141816
-0.18156825980064073
0.0
0.14824986333222023
0.14824986333222023
-0.18156825980064073
-0.18156825980064073
-0.10482848367219184
0.2773500981126146
-0.16012815380508713
0.22645540682891915
0.08362420100070908
-0.19312181983410703
0.18064892093237822
-0.03739787960033829
0.12955005512625914
-0.19789097796726146
0.13993005245628826
0.012465959866779428
-0.07051811804639269
0.16157730690671296
-0.186573403275051
0.10429770312912398
0.027874733666903025
-0.10429770312912398
0.18064892093237822
-0.16490914830605122
0.07374961314478497
0.04828045495852676
-0.13655774839978377
0.18698939800169143
-0.13655774839978377
0.04828045495852676
0.07374961314478497
-0.16490914830605122
0.18064892093237822
-0.10429770312912398
0.027874733666903025
0.10429770312912398
-0.186573403275051
0.16157730690671296
-0.07051811804639269
0.012465959866779428
0.13993005245628826
-0.19789097796726146
0.12955005512625914
-0.03739787960033829
0.18064892093237822
-0.19312181983410703
0.08362420100070908
0.22645540682891915
-0.16012815380508713
0.2773500981126146
0.14322297480788657
0.18946618668626836
0.14322297480788657
-0.17541160386140586
-0.08770580193070293
0.08770580193070293
0.17541160386140586
0.16724840200141816
-0.026444294267397254
-0.13993005245628826
-0.026444294267397254
0.16724840200141816
-0.13655774839978377
0.10795837927188262
0.09032446046618911
-0.09032446046618911
-0.10795837927188262
0.13655774839978377
0.09656090991705352
-0.14484136487558028
0.0
0.12773807700531709
0.0
-0.14484136487558028
0.09656090991705352
-0.05712620469979835
0.1403458930534474
-0.08568930704969753
-0.09032446046618911
0.09032446046618911
0.08568930704969753
-0.1403458930534474
0.05712620469979835
0.024931919733558856
-0.10596065886762515
0.13712555853457373
0.006232979933389714
-0.12465959866779429
0.006232979933389714
0.13712555853457373
-0.10596065886762515
0.024931919733558856
0.05712620469979835
-0.1403458930534474
0.08568930704969753
0.09032446046618911
-0.09032446046618911
-0.08568930704969753
0.1403458930534474
-0.05712620469979835
0.09656090991705352
-0.14484136487558028
0.0
0.12773807700531709
0.0
-0.14484136487558028
0.09656090991705352
0.13655774839978377
-0.10795837927188262
-0.09032446046618911
0.09032446046618911
0.10795837927188262
-0.13655774839978377
0.16724840200141816
-0.026444294267397254
-0.13993005245628826
-0.026444294267397254
0.16724840200141816
0.17541160386140586
0.08770580193070293
-0.08770580193070293
-0.17541160386140586
0.14322297480788657
0.18946618668626836
0.14322297480788657
0.04756514941544941
0.10090091909944687
0.14770382146458638
0.16329271863322506
0.12648599596468285
-0.08684168428648437
-0.13592873654160806
-0.12455479865038939
-0.04019988840526468
0.08432399730978855
0.16329271863322506
0.11998903007585239
0.13091876497307772
0.05089741357076769
-0.06572069842571017
-0.1226530869960561
-0.04019988840526468
0.14770382146458638
-0.14197293500509642
-0.09294310304227144
0.030663271749014023
0.11141838507043436
0.06899236143528155
-0.06572069842571017
-0.12455479865038939
0.10090091909944687
0.14965261357171789
0.033463341695686884
-0.09108032686966361
-0.09576308262633051
0.014053999551631426
0.11141838507043436
0.05089741357076769
-0.13592873654160806
0.04756514941544941
-0.14197293500509642
0.033463341695686884
0.11312674244617577
0.037029418598812446
-0.08176872466403738
-0.09576308262633051
0.030663271749014023
0.13091876497307772
-0.08684168428648437
0.11998903007585239
-0.09294310304227144
-0.09108032686966361
0.037029418598812446
0.10732145112154909
0.037029418598812446
-0.09108032686966361
-0.09294310304227144
0.11998903007585239
-0.08684168428648437
0.13091876497307772
0.030663271749014023
-0.09576308262633051
-0.08176872466403738
0.037029418598812446
0.11312674244617577
0.033463341695686884
-0.14197293500509642
0.04756514941544941
-0.13592873654160806
0.05089741357076769
0.11141838507043436
0.014053999551631426
-0.09576308262633051
-0.09108032686966361
0.033463341695686884
0.14965261357171789
0.10090091909944687
-0.12455479865038939
-0.06572069842571017
0.06899236143528155
0.11141838507043436
0.030663271749014023
-0.09294310304227144
-0.14197293500509642
0.14770382146458638
-0.04019988840526468
-0.1226530869960561
-0.06572069842571017
0.05089741357076769
0.13091876497307772
0.11998903007585239
0.16329271863322506
0.08432399730978855
-0.04019988840526468
-0.12455479865038939
-0.13592873654160806
-0.08684168428648437
0.12648599596468285
0.16329271863322506
0.14770382146458638
0.10090091909944687
0.04756514941544941
-0.2773500981126146
0.11322770341445958
-0.25318484177091666
-0.03413943709994594
0.15267620413811483
-0.22901430620717222
-0.05913123959890826
0.1773937187967248
-0.20483662259967567
-0.08362420100070908
0.19312181983410703
-0.18064892093237822
-0.10795837927188262
0.20197163363339118
-0.15644655469368596
-0.13222147133698628
0.20483662259967567
-0.13222147133698628
-0.15644655469368596
0.20197163363339118
-0.10795837927188262
-0.18064892093237822
0.19312181983410703
-0.08362420100070908
-0.20483662259967567
0.1773937187967248
-0.05913123959890826
-0.22901430620717222
0.15267620413811483
-0.03413943709994594
-0.25318484177091666
0.11322770341445958
-0.2773500981126146
-0.18156825980064073
-0.18156825980064073
-0.10482848367219184
0.18156825980064073
0.0
-0.14824986333222023
-0.14824986333222023
-0.13409704688030227
0.12241329578528218
0.09995003746877731
-0.07742096611387637
-0.16724840200141816
0.07742096611387637
-0.15484193222775275
0.0316069770620507
0.13409704688030227
0.0
-0.16724840200141816
-0.0316069770620507
0.12241329578528218
-0.12773807700531709
-0.051613977409250916
0.11826247919781652
0.06827887419989188
-0.15267620413811483
-0.0632139541241014
0.14598637372036238
-0.07067534927402196
-0.10795837927188262
0.06827887419989188
0.11826247919781652
-0.12773807700531709
-0.09656090991705352
0.14484136487558028
0.0
-0.12773807700531709
0.0
0.14484136487558028
-0.09656090991705352
-0.12773807700531709
0.11826247919781652
0.06827887419989188
-0.10795837927188262
-0.07067534927402196
0.14598637372036238
-0.0632139541241014
-0.15267620413811483
0.06827887419989188
0.11826247919781652
-0.051613977409250916
-0.12773807700531709
0.12241329578528218
-0.0316069770620507
-0.16724840200141816
0.0
0.13409704688030227
0.0316069770620507
-0.15484193222775275
0.07742096611387637
-0.16724840200141816
-0.07742096611387637
0.09995003746877731
0.12241329578528218
-0.13409704688030227
-0.14824986333222023
-0.14824986333222023
0.0
0.18156825980064073
-0.10482848367219184
-0.18156825980064073
-0.18156825980064073
-0.08238525545716346
-0.13785690003361395
-0.1591834366881087
-0.13785690003361395
-0.08238525545716346
0.13026252642972655
0.13537278845914205
0.05627984376737055
-0.05627984376737055
-0.13537278845914205
-0.13026252642972655
-0.15211385893403187
-0.07025838192242885
0.05895706767536023
0.11756475936692107
0.05895706767536023
-0.07025838192242885
-0.15211385893403187
0.14695594920865135
-0.017564595480607213
-0.11337897629876965
-0.06084554357361275
0.06084554357361275
0.11337897629876965
0.017564595480607213
-0.14695594920865135
-0.11998903007585239
0.09294310304227144
0.09108032686966361
-0.037029418598812446
-0.10732145112154909
-0.037029418598812446
0.09108032686966361
0.09294310304227144
-0.11998903007585239
0.08049108834116181
-0.13198793308343765
-0.013855139762819095
0.10261893502060655
0.06196206869484762
-0.06196206869484762
-0.10261893502060655
0.013855139762819095
0.13198793308343765
-0.08049108834116181
-0.03927562949192332
0.1256820143741546
-0.07593288368438508
-0.09426151078061595
0.03142050359353865
0.10473501197846218
0.03142050359353865
-0.09426151078061595
-0.07593288368438508
0.1256820143741546
-0.03927562949192332
-0.08049108834116181
0.13198793308343765
0.013855139762819095
-0.10261893502060655
-0.06196206869484762
0.06196206869484762
0.10261893502060655
-0.013855139762819095
-0.13198793308343765
0.08049108834116181
-0.11998903007585239
0.09294310304227144
0.09108032686966361
-0.037029418598812446
-0.10732145112154909
-0.037029418598812446
0.09108032686966361
0.09294310304227144
-0.11998903007585239
-0.14695594920865135
0.017564595480607213
0.11337897629876965
0.06084554357361275
-0.06084554357361275
-0.11337897629876965
-0.017564595480607213
0.14695594920865135
-0.15211385893403187
-0.07025838192242885
0.05895706767536023
0.11756475936692107
0.05895706767536023
-0.07025838192242885
-0.15211385893403187
-0.13026252642972655
-0.13537278845914205
-0.05627984376737055
0.05627984376737055
0.13537278845914205
0.13026252642972655
-0.08238525545716346
-0.13785690003361395
-0.1591834366881087
-0.13785690003361395
-0.08238525545716346
0.2773500981126146
0.2773500981126146
0.2773500981126146
0.2773500981126146
0.2773500981126146
0.2773500981126146
0.2773500981126146
0.2773500981126146
0.2773500981126146
0.2773500981126146
0.2773500981126146
0.2773500981126146
0.2773500981126146
0.2198900824313101
0.15548576840284828
0.06629935441317959
-0.15548576840284828
0.10994504121565506
0.17225077552896437
0.10482848367219184
0.06629935441317959
-0.17225077552896437
0.019990007493755464
0.15644655469368596
0.13409704688030227
0.10482848367219184
-0.15644655469368596
-0.04997501873438866
0.12241329578528218
0.15484193222775275
0.13409704688030227
-0.12241329578528218
-0.09995003746877731
0.07742096611387637
0.16724840200141816
0.15484193222775275
-0.07742096611387637
-0.12993504870941053
0.026444294267397254
0.17137861409939506
0.16724840200141816
-0.026444294267397254
-0.13993005245628826
-0.026444294267397254
0.16724840200141816
0.17137861409939506
0.026444294267397254
-0.12993504870941053
-0.07742096611387637
0.15484193222775275
0.16724840200141816
0.07742096611387637
-0.09995003746877731
-0.12241329578528218
0.13409704688030227
0.15484193222775275
0.12241329578528218
-0.04997501873438866
-0.15644655469368596
0.10482848367219184
0.13409704688030227
0.15644655469368596
0.019990007493755464
-0.17225077552896437
0.06629935441317959
0.10482848367219184
0.17225077552896437
0.10994504121565506
-0.15548576840284828
0.06629935441317959
0.15548576840284828
0.2198900824313101
0.12648599596468285
0.16329271863322506
0.14770382146458638
0.10090091909944687
0.04756514941544941
-0.16329271863322506
-0.08432399730978855
0.04019988840526468
0.12455479865038939
0.13592873654160806
0.08684168428648437
0.14770382146458638
-0.04019988840526468
-0.1226530869960561
-0.06572069842571017
0.05089741357076769
0.13091876497307772
0.11998903007585239
-0.10090091909944687
0.12455479865038939
0.06572069842571017
-0.06899236143528155
-0.11141838507043436
-0.030663271749014023
0.09294310304227144
0.14197293500509642
0.04756514941544941
-0.13592873654160806
0.05089741357076769
0.11141838507043436
0.014053999551631426
-0.09576308262633051
-0.09108032686966361
0.033463341695686884
0.14965261357171789
0.08684168428648437
-0.13091876497307772
-0.030663271749014023
0.09576308262633051
0.08176872466403738
-0.037029418598812446
-0.11312674244617577
-0.033463341695686884
0.14197293500509642
0.11998903007585239
-0.09294310304227144
-0.09108032686966361
0.037029418598812446
0.10732145112154909
0.037029418598812446
-0.09108032686966361
-0.09294310304227144
0.11998903007585239
0.14197293500509642
-0.033463341695686884
-0.11312674244617577
-0.037029418598812446
0.08176872466403738
0.09576308262633051
-0.030663271749014023
-0.13091876497307772
0.08684168428648437
0.14965261357171789
0.033463341695686884
-0.09108032686966361
-0.09576308262633051
0.014053999551631426
0.11141838507043436
0.05089741357076769
-0.13592873654160806
0.04756514941544941
0.14197293500509642
0.09294310304227144
-0.030663271749014023
-0.11141838507043436
-0.06899236143528155
0.06572069842571017
0.12455479865038939
-0.10090091909944687
0.11998903007585239
0.13091876497307772
0.05089741357076769
-0.06572069842571017
-0.1226530869960561
-0.04019988840526468
0.14770382146458638
0.08684168428648437
0.13592873654160806
0.12455479865038939
0.04019988840526468
-0.08432399730978855
-0.16329271863322506
0.04756514941544941
0.10090091909944687
0.14770382146458638
0.16329271863322506
0.12648599596468285
0.051182725116209915
0.09575411075314348
0.12911481660011875
0.14143819512005507
0.12911481660011875
0.09575411075314348
0.051182725116209915
-0.09575411075314348
-0.1279568127905248
-0.1060786463400413
-0.0408296900131293
0.0408296900131293
0.1060786463400413
0.1279568127905248
0.09575411075314348
0.12911481660011875
0.1060786463400413
0.01861190004225815
-0.06881842847817146
-0.10445902991252017
-0.06881842847817146
0.01861190004225815
0.1060786463400413
0.12911481660011875
-0.14143819512005507
-0.0408296900131293
0.06881842847817146
0.10003896272713755
0.045232086779460515
-0.045232086779460515
-0.10003896272713755
-0.06881842847817146
0.0408296900131293
0.14143819512005507
0.12911481660011875
-0.0408296900131293
-0.10445902991252017
-0.045232086779460515
0.051182725116209915
0.09535761169699032
0.051182725116209915
-0.045232086779460515
-0.10445902991252017
-0.0408296900131293
0.12911481660011875
-0.09575411075314348
0.1060786463400413
0.06881842847817146
-0.045232086779460515
-0.09535761169699032
-0.046529750105645376
0.046529750105645376
0.09535761169699032
0.045232086779460515
-0.06881842847817146
-0.1060786463400413
0.09575411075314348
0.051182725116209915
-0.1279568127905248
0.01861190004225815
0.10003896272713755
0.051182725116209915
-0.046529750105645376
-0.09305950021129075
-0.046529750105645376
0.051182725116209915
0.10003896272713755
0.01861190004225815
-0.1279568127905248
0.051182725116209915
0.09575411075314348
-0.1060786463400413
-0.06881842847817146
0.045232086779460515
0.09535761169699032
0.046529750105645376
-0.046529750105645376
-0.09535761169699032
-0.045232086779460515
0.06881842847817146
0.1060786463400413
-0.09575411075314348
0.12911481660011875
-0.0408296900131293
-0.10445902991252017
-0.045232086779460515
0.051182725116209915
0.09535761169699032
0.051182725116209915
-0.045232086779460515
-0.10445902991252017
-0.0408296900131293
0.12911481660011875
0.14143819512005507
0.0408296900131293
-0.06881842847817146
-0.10003896272713755
-0.045232086779460515
0.045232086779460515
0.10003896272713755
0.06881842847817146
-0.0408296900131293
-0.14143819512005507
0.12911481660011875
0.1060786463400413
0.01861190004225815
-0.06881842847817146
-0.10445902991252017
-0.06881842847817146
0.01861190004225815
0.1060786463400413
0.12911481660011875
0.09575411075314348
0.1279568127905248
0.1060786463400413
0.0408296900131293
-0.0408296900131293
-0.1060786463400413
-0.1279568127905248
-0.09575411075314348
0.051182725116209915
0.09575411075314348
0.12911481660011875
0.14143819512005507
0.12911481660011875
0.09575411075314348
0.051182725116209915
