0.30151134457776363
-0.30151134457776363
0.30151134457776363
-0.30151134457776363
0.30151134457776363
-0.30151134457776363
0.30151134457776363
-0.30151134457776363
0.30151134457776363
-0.30151134457776363
0.30151134457776363
-0.30151134457776363
0.2696799449852968
-0.1348399724926484
-0.23783535600422526
0.1797866299901979
-0.044946657497549475
0.2059714602177749
-0.2059714602177749
0.0778498944161523
-0.17407765595569785
0.2201927530252721
-0.11009637651263605
0.1421338109037403
-0.22473328748774737
0.1421338109037403
-0.11009637651263605
0.2201927530252721
-0.17407765595569785
0.0778498944161523
-0.2059714602177749
0.2059714602177749
-0.044946657497549475
0.1797866299901979
-0.23783535600422526
-0.1348399724926484
0.2696799449852968
-0.30151134457776363
-0.03413943709994594
-0.11322770341445958
-0.2773500981126146
0.05913123959890826
0.15267620413811483
0.25318484177091666
-0.08362420100070908
-0.1773937187967248
-0.22901430620717222
0.10795837927188262
0.19312181983410703
0.20483662259967567
-0.13222147133698628
-0.20197163363339118
-0.18064892093237822
0.15644655469368596
0.20483662259967567
0.15644655469368596
-0.18064892093237822
-0.20197163363339118
-0.13222147133698628
0.20483662259967567
0.19312181983410703
0.10795837927188262
-0.22901430620717222
-0.1773937187967248
-0.08362420100070908
0.25318484177091666
0.15267620413811483
0.05913123959890826
-0.2773500981126146
-0.11322770341445958
-0.03413943709994594
0.30151134457776363
-0.23354968324845687
0.19069251784911845
0.17407765595569785
-0.2201927530252721
0.11009637651263605
-0.12309149097933274
0.21320071635561044
-0.1651445647689541
0.05504818825631803
0.08058229640253803
-0.18609684207969418
0.1973855084879307
-0.10192943828752511
0.020806259464411975
-0.046524210519923545
0.14712247158412492
-0.20806259464411975
0.14712247158412492
-0.046524210519923545
0.020806259464411975
-0.10192943828752511
0.1973855084879307
-0.18609684207969418
0.08058229640253803
0.05504818825631803
-0.1651445647689541
0.21320071635561044
-0.12309149097933274
0.11009637651263605
-0.2201927530252721
0.17407765595569785
0.19069251784911845
-0.23354968324845687
0.30151134457776363
0.08362420100070908
0.1773937187967248
0.22901430620717222
-0.12955005512625914
-0.1851100598717808
-0.0916057224828689
0.1773937187967248
0.16157730690671296
0.15267620413811483
-0.015267620413811482
-0.1851100598717808
0.08362420100070908
-0.18064892093237822
-0.09894548898363073
0.0916057224828689
0.15267620413811483
-0.12955005512625914
0.18698939800169143
0.03413943709994594
-0.13740858372430334
-0.09894548898363073
0.16157730690671296
-0.18064892093237822
0.03413943709994594
0.15267620413811483
0.03413943709994594
-0.18064892093237822
0.16157730690671296
-0.09894548898363073
-0.13740858372430334
0.03413943709994594
0.18698939800169143
-0.12955005512625914
0.15267620413811483
0.0916057224828689
-0.09894548898363073
-0.18064892093237822
0.08362420100070908
-0.1851100598717808
-0.015267620413811482
0.15267620413811483
0.16157730690671296
0.1773937187967248
-0.0916057224828689
-0.1851100598717808
-0.12955005512625914
0.22901430620717222
0.1773937187967248
0.08362420100070908
-0.30151134457776363
0.19069251784911845
-0.23354968324845687
-0.11009637651263605
0.2201927530252721
-0.17407765595569785
0.05504818825631803
-0.1651445647689541
0.21320071635561044
-0.12309149097933274
-0.020806259464411975
0.10192943828752511
-0.1973855084879307
0.18609684207969418
-0.08058229640253803
-0.046524210519923545
0.14712247158412492
-0.20806259464411975
0.14712247158412492
-0.046524210519923545
-0.08058229640253803
0.18609684207969418
-0.1973855084879307
0.10192943828752511
-0.020806259464411975
-0.12309149097933274
0.21320071635561044
-0.1651445647689541
0.05504818825631803
-0.17407765595569785
0.2201927530252721
-0.11009637651263605
-0.23354968324845687
0.19069251784911845
-0.30151134457776363
-0.13222147133698628
-0.20197163363339118
-0.18064892093237822
0.1773937187967248
0.13655774839978377
-0.04039432672667824
-0.19789097796726146
-0.18698939800169143
-0.03413943709994594
0.13740858372430334
0.09894548898363073
-0.16157730690671296
0.17069718549972973
-0.062329799333897144
-0.14103623609278537
0.021591675854376526
0.16325172786566963
-0.10429770312912398
-0.13686222536283973
0.1316957377585446
0.08194819531574027
-0.10964174397241236
-0.10130133395943146
0.15331103516796663
-0.04828045495852676
0.09349469900084571
-0.16321772771370957
0.009124148357522649
0.1413506985480439
0.009124148357522649
-0.16321772771370957
0.09349469900084571
-0.04828045495852676
0.15331103516796663
-0.10130133395943146
-0.10964174397241236
0.08194819531574027
0.1316957377585446
-0.13686222536283973
-0.10429770312912398
0.16325172786566963
0.021591675854376526
-0.14103623609278537
-0.062329799333897144
0.17069718549972973
-0.16157730690671296
0.09894548898363073
0.13740858372430334
-0.03413943709994594
-0.18698939800169143
-0.19789097796726146
-0.04039432672667824
0.13655774839978377
0.1773937187967248
-0.18064892093237822
-0.20197163363339118
-0.13222147133698628
-0.0316069770620507
-0.07742096611387637
-0.13409704688030227
-0.18156825980064073
-0.18156825980064073
0.0632139541241014
0.12241329578528218
0.15484193222775275
0.12241329578528218
0.0
-0.18156825980064073
-0.09656090991705352
-0.14598637372036238
-0.12773807700531709
-0.0316069770620507
0.09995003746877731
0.14824986333222023
-0.10482848367219184
0.12773807700531709
0.14484136487558028
0.07067534927402196
-0.051613977409250916
-0.13409704688030227
-0.07742096611387637
0.14824986333222023
-0.15267620413811483
-0.11826247919781652
0.0
0.10795837927188262
0.11826247919781652
0.0
-0.16724840200141816
0.16724840200141816
0.06827887419989188
-0.06827887419989188
-0.12773807700531709
-0.06827887419989188
0.06827887419989188
0.16724840200141816
-0.16724840200141816
0.0
0.11826247919781652
0.10795837927188262
0.0
-0.11826247919781652
-0.15267620413811483
0.14824986333222023
-0.07742096611387637
-0.13409704688030227
-0.051613977409250916
0.07067534927402196
0.14484136487558028
0.12773807700531709
-0.10482848367219184
0.14824986333222023
0.09995003746877731
-0.0316069770620507
-0.12773807700531709
-0.14598637372036238
-0.09656090991705352
-0.18156825980064073
0.0
0.12241329578528218
0.15484193222775275
0.12241329578528218
0.0632139541241014
-0.18156825980064073
-0.18156825980064073
-0.13409704688030227
-0.07742096611387637
-0.0316069770620507
0.30151134457776363
-0.1348399724926484
0.2696799449852968
0.044946657497549475
-0.1797866299901979
0.23783535600422526
0.0778498944161523
-0.2059714602177749
0.2059714602177749
0.11009637651263605
-0.2201927530252721
0.17407765595569785
0.1421338109037403
-0.22473328748774737
0.1421338109037403
0.17407765595569785
-0.2201927530252721
0.11009637651263605
0.2059714602177749
-0.2059714602177749
0.0778498944161523
0.23783535600422526
-0.1797866299901979
0.044946657497549475
0.2696799449852968
-0.1348399724926484
0.30151134457776363
0.18064892093237822
0.20197163363339118
0.13222147133698628
-0.19789097796726146
-0.04039432672667824
0.13655774839978377
0.1773937187967248
0.16157730690671296
-0.09894548898363073
-0.13740858372430334
0.03413943709994594
0.18698939800169143
-0.10429770312912398
0.16325172786566963
0.021591675854376526
-0.14103623609278537
-0.062329799333897144
0.17069718549972973
0.04828045495852676
-0.15331103516796663
0.10130133395943146
0.10964174397241236
-0.08194819531574027
-0.1316957377585446
0.13686222536283973
0.09349469900084571
-0.16321772771370957
0.009124148357522649
0.1413506985480439
0.009124148357522649
-0.16321772771370957
0.09349469900084571
0.13686222536283973
-0.1316957377585446
-0.08194819531574027
0.10964174397241236
0.10130133395943146
-0.15331103516796663
0.04828045495852676
0.17069718549972973
-0.062329799333897144
-0.14103623609278537
0.021591675854376526
0.16325172786566963
-0.10429770312912398
0.18698939800169143
0.03413943709994594
-0.13740858372430334
-0.09894548898363073
0.16157730690671296
0.1773937187967248
0.13655774839978377
-0.04039432672667824
-0.19789097796726146
0.13222147133698628
0.20197163363339118
0.18064892093237822
0.06827887419989188
0.12773807700531709
0.16724840200141816
0.16724840200141816
0.11826247919781652
-0.11826247919781652
-0.15267620413811483
-0.10795837927188262
0.0
0.11826247919781652
0.16724840200141816
0.15267620413811483
0.11826247919781652
0.0
-0.10795837927188262
-0.11826247919781652
0.0
0.16724840200141816
-0.16490914830605122
-0.04407382377899542
0.09032446046618911
0.11660837704690687
0.01971041319963609
-0.10795837927188262
-0.10795837927188262
0.12773807700531709
0.15267620413811483
-0.04407382377899542
-0.12465959866779429
-0.04828045495852676
0.07884165279854435
0.11660837704690687
0.0
-0.15267620413811483
0.06827887419989188
-0.11826247919781652
0.11826247919781652
0.09032446046618911
-0.04828045495852676
-0.11826247919781652
-0.04828045495852676
0.09032446046618911
0.11826247919781652
-0.11826247919781652
0.06827887419989188
-0.15267620413811483
0.0
0.11660837704690687
0.07884165279854435
-0.04828045495852676
-0.12465959866779429
-0.04407382377899542
0.15267620413811483
0.12773807700531709
-0.10795837927188262
-0.10795837927188262
0.01971041319963609
0.11660837704690687
0.09032446046618911
-0.04407382377899542
-0.16490914830605122
0.16724840200141816
0.0
-0.11826247919781652
-0.10795837927188262
0.0
0.11826247919781652
0.15267620413811483
0.16724840200141816
0.11826247919781652
0.0
-0.10795837927188262
-0.15267620413811483
-0.11826247919781652
0.11826247919781652
0.16724840200141816
0.16724840200141816
0.12773807700531709
0.06827887419989188
-0.30151134457776363
-0.30151134457776363
-0.30151134457776363
-0.30151134457776363
-0.30151134457776363
-0.30151134457776363
-0.30151134457776363
-0.30151134457776363
-0.30151134457776363
-0.30151134457776363
-0.30151134457776363
-0.22901430620717222
-0.1773937187967248
-0.08362420100070908
0.1773937187967248
-0.0916057224828689
-0.1851100598717808
-0.12955005512625914
-0.08362420100070908
0.1851100598717808
0.015267620413811482
-0.15267620413811483
-0.16157730690671296
-0.12955005512625914
0.15267620413811483
0.0916057224828689
-0.09894548898363073
-0.18064892093237822
-0.16157730690671296
0.09894548898363073
0.13740858372430334
-0.03413943709994594
-0.18698939800169143
-0.18064892093237822
0.03413943709994594
0.15267620413811483
0.03413943709994594
-0.18064892093237822
-0.18698939800169143
-0.03413943709994594
0.13740858372430334
0.09894548898363073
-0.16157730690671296
-0.18064892093237822
-0.09894548898363073
0.0916057224828689
0.15267620413811483
-0.12955005512625914
-0.16157730690671296
-0.15267620413811483
0.015267620413811482
0.1851100598717808
-0.08362420100070908
-0.12955005512625914
-0.1851100598717808
-0.0916057224828689
0.1773937187967248
-0.08362420100070908
-0.1773937187967248
-0.22901430620717222
-0.11826247919781652
-0.16724840200141816
-0.16724840200141816
-0.12773807700531709
-0.06827887419989188
0.16724840200141816
0.11826247919781652
0.0
-0.10795837927188262
-0.15267620413811483
-0.11826247919781652
-0.16724840200141816
0.0
0.11826247919781652
0.10795837927188262
0.0
-0.11826247919781652
-0.15267620413811483
0.12773807700531709
-0.10795837927188262
-0.10795837927188262
0.01971041319963609
0.11660837704690687
0.09032446046618911
-0.04407382377899542
-0.16490914830605122
-0.06827887419989188
0.15267620413811483
0.0
-0.11660837704690687
-0.07884165279854435
0.04828045495852676
0.12465959866779429
0.04407382377899542
-0.15267620413811483
-0.11826247919781652
0.11826247919781652
0.09032446046618911
-0.04828045495852676
-0.11826247919781652
-0.04828045495852676
0.09032446046618911
0.11826247919781652
-0.11826247919781652
-0.15267620413811483
0.04407382377899542
0.12465959866779429
0.04828045495852676
-0.07884165279854435
-0.11660837704690687
0.0
0.15267620413811483
-0.06827887419989188
-0.16490914830605122
-0.04407382377899542
0.09032446046618911
0.11660837704690687
0.01971041319963609
-0.10795837927188262
-0.10795837927188262
0.12773807700531709
-0.15267620413811483
-0.11826247919781652
0.0
0.10795837927188262
0.11826247919781652
0.0
-0.16724840200141816
-0.11826247919781652
-0.15267620413811483
-0.10795837927188262
0.0
0.11826247919781652
0.16724840200141816
-0.06827887419989188
-0.12773807700531709
-0.16724840200141816
-0.16724840200141816
-0.11826247919781652
-0.03927562949192332
-0.08049108834116181
-0.11998903007585239
-0.14695594920865135
-0.15211385893403187
-0.13026252642972655
-0.08238525545716346
0.08049108834116181
0.1256820143741546
0.13198793308343765
0.09294310304227144
0.017564595480607213
-0.07025838192242885
-0.13537278845914205
-0.13785690003361395
-0.11998903007585239
-0.13198793308343765
-0.07593288368438508
0.013855139762819095
0.09108032686966361
0.11337897629876965
0.05895706767536023
-0.05627984376737055
-0.1591834366881087
0.14695594920865135
0.09294310304227144
-0.013855139762819095
-0.09426151078061595
-0.10261893502060655
-0.037029418598812446
0.06084554357361275
0.11756475936692107
0.05627984376737055
-0.13785690003361395
-0.15211385893403187
-0.017564595480607213
0.09108032686966361
0.10261893502060655
0.03142050359353865
-0.06196206869484762
-0.10732145112154909
-0.06084554357361275
0.05895706767536023
0.13537278845914205
-0.08238525545716346
0.13026252642972655
-0.07025838192242885
-0.11337897629876965
-0.037029418598812446
0.06196206869484762
0.10473501197846218
0.06196206869484762
-0.037029418598812446
-0.11337897629876965
-0.07025838192242885
0.13026252642972655
-0.08238525545716346
0.13537278845914205
0.05895706767536023
-0.06084554357361275
-0.10732145112154909
-0.06196206869484762
0.03142050359353865
0.10261893502060655
0.09108032686966361
-0.017564595480607213
-0.15211385893403187
-0.13785690003361395
0.05627984376737055
0.11756475936692107
0.06084554357361275
-0.037029418598812446
-0.10261893502060655
-0.09426151078061595
-0.013855139762819095
0.09294310304227144
0.14695594920865135
-0.1591834366881087
-0.05627984376737055
0.05895706767536023
0.11337897629876965
0.09108032686966361
0.013855139762819095
-0.07593288368438508
-0.13198793308343765
-0.11998903007585239
-0.13785690003361395
-0.13537278845914205
-0.07025838192242885
0.017564595480607213
0.09294310304227144
0.13198793308343765
0.1256820143741546
0.08049108834116181
-0.08238525545716346
-0.13026252642972655
-0.15211385893403187
-0.14695594920865135
-0.11998903007585239
-0.08049108834116181
-0.03927562949192332
0.2773500981126146
0.11322770341445958
0.03413943709994594
0.25318484177091666
0.15267620413811483
0.05913123959890826
0.22901430620717222
0.1773937187967248
0.08362420100070908
0.20483662259967567
0.19312181983410703
0.10795837927188262
0.18064892093237822
0.20197163363339118
0.13222147133698628
0.15644655469368596
0.20483662259967567
0.15644655469368596
0.13222147133698628
0.20197163363339118
0.18064892093237822
0.10795837927188262
0.19312181983410703
0.20483662259967567
0.08362420100070908
0.1773937187967248
0.22901430620717222
0.05913123959890826
0.15267620413811483
0.25318484177091666
0.03413943709994594
0.11322770341445958
0.2773500981126146
0.18156825980064073
0.18156825980064073
0.13409704688030227
0.07742096611387637
0.0316069770620507
-0.18156825980064073
0.0
0.12241329578528218
0.15484193222775275
0.12241329578528218
0.0632139541241014
0.10482848367219184
-0.14824986333222023
-0.09995003746877731
0.0316069770620507
0.12773807700531709
0.14598637372036238
0.09656090991705352
0.14824986333222023
-0.07742096611387637
-0.13409704688030227
-0.051613977409250916
0.07067534927402196
0.14484136487558028
0.12773807700531709
0.16724840200141816
0.0
-0.11826247919781652
-0.10795837927188262
0.0
0.11826247919781652
0.15267620413811483
0.16724840200141816
0.06827887419989188
-0.06827887419989188
-0.12773807700531709
-0.06827887419989188
0.06827887419989188
0.16724840200141816
0.15267620413811483
0.11826247919781652
0.0
-0.10795837927188262
-0.11826247919781652
0.0
0.16724840200141816
0.12773807700531709
0.14484136487558028
0.07067534927402196
-0.051613977409250916
-0.13409704688030227
-0.07742096611387637
0.14824986333222023
0.09656090991705352
0.14598637372036238
0.12773807700531709
0.0316069770620507
-0.09995003746877731
-0.14824986333222023
0.10482848367219184
0.0632139541241014
0.12241329578528218
0.15484193222775275
0.12241329578528218
0.0
-0.18156825980064073
0.0316069770620507
0.07742096611387637
0.13409704688030227
0.18156825980064073
0.18156825980064073
0.08238525545716346
0.13026252642972655
0.15211385893403187
0.14695594920865135
0.11998903007585239
0.08049108834116181
0.03927562949192332
-0.13785690003361395
-0.13537278845914205
-0.07025838192242885
0.017564595480607213
0.09294310304227144
0.13198793308343765
0.1256820143741546
0.08049108834116181
0.1591834366881087
0.05627984376737055
-0.05895706767536023
-0.11337897629876965
-0.09108032686966361
-0.013855139762819095
0.07593288368438508
0.13198793308343765
0.11998903007585239
-0.13785690003361395
0.05627984376737055
0.11756475936692107
0.06084554357361275
-0.037029418598812446
-0.10261893502060655
-0.09426151078061595
-0.013855139762819095
0.09294310304227144
0.14695594920865135
0.08238525545716346
-0.13537278845914205
-0.05895706767536023
0.06084554357361275
0.10732145112154909
0.06196206869484762
-0.03142050359353865
-0.10261893502060655
-0.09108032686966361
0.017564595480607213
0.15211385893403187
0.13026252642972655
-0.07025838192242885
-0.11337897629876965
-0.037029418598812446
0.06196206869484762
0.10473501197846218
0.06196206869484762
-0.037029418598812446
-0.11337897629876965
-0.07025838192242885
0.13026252642972655
0.15211385893403187
0.017564595480607213
-0.09108032686966361
-0.10261893502060655
-0.03142050359353865
0.06196206869484762
0.10732145112154909
0.06084554357361275
-0.05895706767536023
-0.13537278845914205
0.08238525545716346
0.14695594920865135
0.09294310304227144
-0.013855139762819095
-0.09426151078061595
-0.10261893502060655
-0.037029418598812446
0.06084554357361275
0.11756475936692107
0.05627984376737055
-0.13785690003361395
0.11998903007585239
0.13198793308343765
0.07593288368438508
-0.013855139762819095
-0.09108032686966361
-0.11337897629876965
-0.05895706767536023
0.05627984376737055
0.1591834366881087
0.08049108834116181
0.1256820143741546
0.13198793308343765
0.09294310304227144
0.017564595480607213
-0.07025838192242885
-0.13537278845914205
-0.13785690003361395
0.03927562949192332
0.08049108834116181
0.11998903007585239
0.14695594920865135
0.15211385893403187
0.13026252642972655
0.08238525545716346
