0 0
25360 1
22535 1
22531 1
4445 1
22560 0
14832 0
14842 1
18058 1
16006 1
25073 1
7680 0
1812 0
5704 1
1835 1
3256 1
15299 1
18041 1
18045 0
10509 0
10171 1
25065 0
14806 1
15620 1
649 1
18149 1
6395 1
20944 1
11167 1
16009 1
24601 1
14862 0
20499 0
14840 1
944 1
4672 1
18033 0
14362 1
4688 1
25191 0
6513 0
3790 1
14882 1
7863 0
25496 1
3276 0
25121 1
25461 0
12476 1
25794 0
1804 1
6503 1
15990 0
26231 1
10991 1
11603 1
9474 0
20815 1
26480 1
26146 1
1148 1
22941 0
15593 1
27627 0
18930 0
14631 0
5529 0
16022 1
1826 1
26886 0
25529 1
16564 1
22537 1
25049 1
13737 0
17140 1
18048 0
6373 1
4010 1
27347 1
9913 1
2935 1
15709 1
5102 1
16016 1
17008 1
14839 1
17364 0
2880 0
23689 1
21305 1
3038 1
16101 0
14895 0
19380 0
18095 1
14188 1
8863 1
22564 1
1265 1
11199 0
8880 0
26953 1
7653 0
6382 1
12905 1
12458 1
9461 1
17382 0
21007 1
8898 0
25079 1
3275 1
25498 1
22527 0
13744 1
4429 1
15708 0
10215 0
6489 0
10136 1
16003 1
27032 1
10902 0
10785 0
16147 1
27639 0
14525 1
3868 1
3678 0
16912 1
6397 1
22283 1
11168 1
8426 1
24030 0
1364 1
6254 1
6387 0
10283 1
26141 1
27592 1
15694 1
26347 1
9666 0
14858 1
8376 0
14986 1
16104 0
12187 1
687 0
5365 1
14818 1
1454 1
9718 1
3959 1
14814 0
1800 0
21116 1
22571 1
4806 0
18040 1
8476 1
3779 1
14661 0
5175 0
670 1
17826 0
4536 0
26820 0
10287 0
17350 1
25029 0
20933 1
11779 1
19194 0
22069 1
5813 1
716 1
14250 0
25609 1
21902 1
19809 0
2057 1
14920 1
3011 1
4958 1
5561 1
27447 0
14728 1
7868 1
14831 1
13741 1
1090 1
10489 1
11583 0
4454 1
18096 0
15993 0
8059 1
