-2.807486175252765115e+00
1.891725083207337565e+00
-3.524424976723646852e-01
1.605083408268646927e+00
1.362190049787999735e+00
9.458397179266762045e-01
4.257373419420001359e-01
1.670568061630865575e+00
-5.192908314499109250e-05
2.804854910852798856e-04
-1.223915638119893250e-04
-1.315748161235401651e-04
1.914712675791722983e-03
-2.964280628704322237e-04
-1.620366475911648030e-06
-3.445968043228278370e-03
-2.684903156904776799e-06
-5.246178085236647319e-06
1.695482510123128743e-03
2.418966887030543477e-06
-7.578277632203707296e-06
3.077689896366248359e-03
-2.884504093620954347e-06
3.157168288306668891e-06
-6.369780411910407059e-03
2.578654333809100418e-05
-7.114526482388102910e-05
1.357600351419058389e-04
-9.374269134257756653e-02
2.270066321313956778e-04
-4.103963566727327904e-05
-2.927216600513711696e-06
-8.735292179770582017e-06
-2.107964078645040151e-02
5.358272310059211565e-06
3.035781984013213384e-05
-4.534784924765484983e-06
1.670712426194176798e-05
-4.364345323156016213e-03
1.672463667903314154e-05
-1.263362439804253316e-05
-5.580811383553925981e-06
1.373482058516623764e-05
-2.622543222156586279e-03
9.748549502681057820e-06
-1.096197566682235534e-05
-9.608346099779800149e-06
2.376808952227414245e-05
-3.839060531052611216e-04
2.447700149023867411e-05
-1.356831629801940532e-05
8.099183929278500131e-06
-2.685019888151508633e-05
-5.440808717782437322e-04
-3.407515151259927556e-05
1.293332405218076267e-05
-3.460361033028175326e-02
-2.596420529213022674e-05
5.905676389704156128e-06
-6.987246973834729778e-05
9.427818860122813495e-05
7.307938102521255742e-05
5.401841564895111525e-02
8.650399122142852712e-03
1.721941475097120308e-05
-8.121280993948377523e-06
-1.409853599780983209e-04
-7.948648415383897253e-05
-6.889414790916171974e-05
-1.357776347976705558e-02
-2.242299520210539257e-03
-2.052190095351670910e-05
2.209101754637708703e-05
2.687495827353915553e-04
1.016232076235489001e-04
6.620765686581929032e-05
3.616724603495119744e-03
-4.471445964318488829e-05
-5.474993555655974025e-05
3.478438126111826179e-06
2.691235520966134943e-06
2.384706200483562369e-03
-1.498016309311274094e-06
-4.796365095569702134e-06
1.161620704269142768e-04
-2.526475552788754066e-05
-3.325508870683658635e+00
4.610029184763722476e+00
1.492328908791206610e+00
3.787626147694548445e-02
-2.043270442365001216e+00
2.509212546035039626e+00
1.331906119131692101e+00
3.618120644434150268e+00
-1.221602357516524216e-04
5.928759137166017068e-04
1.642750815447244184e-04
-1.639071335796726879e-04
1.323347320867056774e-03
2.327735331416846108e-04
-2.835045476818702075e-05
3.159518234938620690e-03
6.976581662391624172e-05
1.749702247193517967e-05
-2.727113800985810424e-03
-3.963080816123340115e-05
2.922913223469167276e-05
-4.410581321559475451e-03
-3.962206455703237587e-05
-1.343659221416149377e-05
2.818798632904271923e-03
6.681136429480639720e-06
-1.532246035112799272e-05
6.486084403252644418e-03
-6.323653604094136655e-06
9.037595859560888442e-05
-2.361407171590642023e-04
-2.810097784119421765e-02
4.020780813481062517e-04
-3.609622481711016745e-05
2.840909517631913566e-05
-5.479852454697956189e-05
-5.257312420458108530e-03
1.121959721899418102e-04
-2.150018004015582273e-05
-5.791494036139716725e-06
1.409555215383470497e-05
-9.326988018770795280e-03
-2.095706889201537267e-05
9.075848825141944904e-06
-5.837472573556213445e-06
2.598254620283042130e-05
-1.219455433457844289e-02
-3.962952880198689542e-05
7.771818886461458436e-06
-2.418618512993599125e-06
-1.260565506041840325e-05
3.871706974220979428e-03
1.363168595703824360e-05
-2.424897380129486443e-06
-1.486700548884293132e-05
-1.004872847223704723e-05
1.906825026639827293e-03
-7.424061897596073126e-06
-3.951813856734939445e-06
2.882748996413197345e-02
1.574246308103799944e-05
7.773771174053793038e-05
4.239534141866452928e-05
-7.783153120944003630e-05
1.987636630721183176e-05
-4.496741600480459039e-02
-1.653554232673202021e-02
-3.133617826502501475e-06
-5.909319012753404217e-05
-8.045918869018569230e-05
6.087202624949209135e-05
-8.021965493920630471e-06
2.582290835368392795e-02
1.468576057585914939e-02
-2.070668339493727838e-06
7.182770894507899497e-05
1.355167613523601392e-04
-7.341578838065664363e-05
2.820774445451669840e-06
-2.296754721062430754e-02
8.264113608175812297e-06
1.934737265716261493e-06
2.658964611139714199e-06
1.564472546967695494e-05
1.761596357209305143e-03
-1.270948807774874397e-05
3.426545499330341280e-06
-1.629046113777808370e-05
2.959891931481395803e-06
-2.807487714659012479e+00
1.891701189049089349e+00
-3.524427025143798686e-01
1.605071940498038252e+00
1.362192028360271756e+00
9.458416902530804027e-01
4.257371784793210212e-01
1.670571250722577394e+00
-3.221002847106038157e-07
1.871535242399350338e-04
-5.035835540190294305e-05
1.420420783357280542e-05
1.699452346963462685e-03
-1.216078463829471028e-04
1.262854681772569694e-06
-3.428986770488688662e-03
-1.083527917340448617e-06
1.526691375375777062e-05
1.691192232552482045e-03
1.666684330759900974e-06
1.510545017782393314e-05
3.062415275348926141e-03
-4.003158504948380850e-07
2.036360738358292759e-05
-6.353281329783275026e-03
1.103411335480468543e-05
1.175778567984960053e-04
-9.402613627568853912e-05
-9.350602895909486401e-02
8.868797420609867181e-05
-1.176641168573315272e-04
2.247952463358896867e-05
2.710488791131721487e-05
-2.107437339128470991e-02
3.303180986594206575e-06
-3.825569006162863966e-06
1.679082418182361225e-06
-2.338828596182095489e-05
-4.335218312487264421e-03
5.857086184802331704e-06
-7.528029577994784080e-06
4.962906488427006442e-06
-2.341472989963198291e-05
-2.597874919276473970e-03
3.006040846599016447e-06
-9.467447779155276359e-06
1.160253595148140858e-05
-3.250259517027374363e-05
-3.389747566391135302e-04
8.633015923802207569e-06
-1.626883577331682680e-05
-8.524771849121849871e-06
2.998668628620079508e-05
-5.964080225387700983e-04
-1.265644135483253211e-05
1.336266966978289219e-05
-3.467106220670165134e-02
9.284655208219995501e-05
8.450782445791118482e-05
-9.588003879186285296e-05
4.204725254040394573e-05
-4.157880081039903224e-05
5.391938764582054205e-02
8.718509576101145242e-03
-7.244263638955282590e-05
-6.397301190475874642e-05
-1.536297804247947372e-04
-3.501715697253512927e-05
2.651775886372070645e-05
-1.347336804841558003e-02
-2.326280487601772775e-03
7.766024080631783700e-05
5.317406751051771392e-05
3.179042289465908362e-04
4.357160665401013509e-05
-3.215738678581835032e-05
3.486554721860335611e-03
-3.372773502946170468e-07
-6.750247977444080282e-05
-9.661052392985655624e-06
-7.869011933134373673e-06
2.403352597166757976e-03
-1.026268941496433001e-06
5.798048449402478822e-06
9.684124102459171365e-05
-2.099267188404811810e-05
-3.325507702258169385e+00
4.609973452598685739e+00
1.492332057720837879e+00
3.790874938165869623e-02
-2.043304538143901894e+00
2.509254669168197616e+00
1.331901221098434229e+00
3.618100185438112071e+00
2.210766741595741485e-07
8.769314154917801519e-04
-1.079678083777915931e-06
3.666221125594090083e-07
1.696504217711420877e-03
-1.813117280050845117e-06
1.902359763934846848e-07
3.232439236970350606e-03
-9.738312527579828592e-07
-8.837160727206426547e-08
-2.759118616276847770e-03
4.496799876304868498e-07
-4.687621174359918660e-08
-4.480552418171317511e-03
2.265959417251185396e-07
-9.609986934137342352e-09
2.855188682570353360e-03
5.816175770112672469e-08
-4.756216595096584433e-08
6.528004920923705795e-03
2.572814612528203203e-07
-8.089629324441477682e-07
2.768200322155364704e-08
-2.753795210788933037e-02
-7.667555643165088695e-09
1.975586190952558714e-06
-3.073025199083892457e-07
6.325078243669739491e-09
-5.111229089117540723e-03
-1.681344633765892823e-09
7.499543360558826491e-07
-2.554566666723969767e-08
-1.947406226513705402e-09
-9.354960170934432245e-03
1.941341096898171321e-09
6.946370506417978677e-08
1.557060806517851201e-08
-3.493140704124861041e-09
-1.227127345525886627e-02
3.098049554863276403e-09
-3.370230793471263127e-08
-2.461455839227857726e-08
1.619603154132651046e-09
3.918546423859806810e-03
-1.004670334619929274e-09
6.131968694298409340e-08
2.729243994311382820e-08
1.182305120231566731e-09
1.950658401071772227e-03
1.148937145374260055e-10
-6.464547409536366069e-08
2.878580915182860772e-02
2.371674886059546076e-09
3.230400889052450097e-08
-1.919163279716750835e-04
-2.137411037634141568e-07
-3.724637175185113510e-09
-4.503088803543001117e-02
-1.651030996876145379e-02
-1.596470432024081203e-09
-1.469953393650124499e-08
8.728683088661949412e-05
1.112089110450387749e-07
1.980611233426078025e-09
2.586141077476172834e-02
1.467286628504870828e-02
1.987717720663970862e-09
1.347393374141572141e-08
-7.391117963474470561e-05
-1.123925514094603772e-07
-3.178888071894541652e-09
-2.298696474352759575e-02
4.591906868914725421e-08
5.104874725982627396e-06
7.910376373032805496e-09
-1.844487208559692941e-09
1.715489800938503400e-03
2.054507042097308087e-10
-1.926170991688090262e-08
-1.082757739998080419e-05
-4.801142645186627831e-08
-2.807487715517850813e+00
1.891701191429774109e+00
-3.524427036428682825e-01
1.605071942961596942e+00
1.362192027419050877e+00
9.458416891382707137e-01
4.257371785416945165e-01
1.670571250934883123e+00
4.338339820152140649e-05
1.871530494078682202e-04
2.373566495117626675e-05
9.702232940231111263e-05
1.699453114698215193e-03
6.957089463112010722e-05
2.740461822945016721e-07
-3.428986796557662899e-03
1.540079342636090515e-06
-9.030478882169353679e-06
1.691194885798085953e-03
1.252539193840133834e-05
-7.060842658051530694e-06
3.062418227086988881e-03
1.370226294860139671e-05
-2.004647505212778675e-05
-6.353277981358994124e-03
1.124008278455609194e-05
-1.650308027900775890e-04
-2.981970613307695828e-05
-9.350604707939465243e-02
-1.257901226655286408e-04
-3.958263698941178051e-05
-1.454815395534280170e-05
-1.641497606813813453e-05
-2.107436844486339222e-02
2.182306731886627217e-05
-1.756013140657779295e-05
-7.950067670991962140e-06
6.621286030513588228e-06
-4.335223310395729113e-03
-2.318327343711570101e-05
2.775013279953447498e-06
-1.106176860918345174e-05
9.103938832052486851e-06
-2.597879846637197402e-03
-2.178201434474523942e-05
7.355196298293917279e-07
-2.040485390838119549e-05
8.772687476453928110e-06
-3.389814716529947897e-04
-3.246847518950670249e-05
-1.509516783821761835e-06
1.664377024305336937e-05
-4.028057714942392920e-06
-5.964019269630933991e-04
3.230424227226840340e-05
6.513392837391831017e-08
-3.467104920894185233e-02
-8.243909724112358835e-05
-7.864954613617687596e-05
-9.586101060926198632e-05
5.226227135759283111e-05
-5.961807991799423037e-05
5.391940628764213539e-02
8.718498497460345359e-03
5.918056327461792670e-05
6.234438577930896794e-05
-1.536420326561874911e-04
-3.783899411414314284e-05
4.948753615065795756e-05
-1.347338502422987944e-02
-2.326267652193639290e-03
-6.666696230282573722e-05
-6.436199659854300518e-05
3.179141553019324798e-04
2.418990050653156758e-05
-5.119167894225616720e-05
3.486574703527671980e-03
1.838905983530614643e-05
-6.750241436745792667e-05
9.967288334983223652e-06
4.824044619529052613e-06
2.403349845720644494e-03
-6.301570462018585327e-06
5.377369842943189866e-06
9.684147302517031979e-05
1.005399512902057212e-05
-3.325505091835365246e+00
4.609983844492422378e+00
1.492328593774089995e+00
3.790429607329137002e-02
-2.043291939704877436e+00
2.509247106585165810e+00
1.331904806726624368e+00
3.618105899890525112e+00
6.552949868878888784e-05
7.394189618195253248e-04
3.952615521787434800e-05
7.944913041622941538e-05
1.535061604744986184e-03
7.104784117064477525e-05
-6.431855182113588432e-06
3.248428982755158755e-03
5.522838190410426135e-05
1.612957984485654074e-06
-2.767358218204522304e-03
-2.909568049470833778e-05
-1.547121690411319887e-05
-4.443146541948508020e-03
-9.914518503978927410e-06
1.497791875055483774e-05
2.817133861446373313e-03
-1.221927647576612388e-05
2.659162440994532900e-05
6.456740516294182629e-03
-3.422301542494163214e-05
-1.822467894766274668e-04
6.964839361810576900e-05
-2.765456839058305985e-02
1.988427724097173411e-04
-4.061185495688082573e-05
-8.065646295244356028e-05
3.352690096911584234e-06
-5.109997660632269179e-03
7.355186514180528281e-05
-2.333196113232799616e-05
2.645619461316246759e-05
-6.235360212259089305e-06
-9.343330320220560523e-03
-7.412527281345250563e-06
9.607850881947624849e-06
2.386050101939474622e-05
-1.080163888610801605e-05
-1.224460455183915518e-02
-1.515826068976413236e-05
8.263292786502662412e-06
-3.215641645200438858e-06
9.032507540277823582e-06
3.892273939302860666e-03
-7.498324410639266871e-07
-2.437854689739998315e-06
6.617396948838373620e-06
1.961948147215391401e-05
1.894538059610117921e-03
-2.714275891638573713e-05
-3.594242306454903468e-06
2.886516821133991439e-02
2.882093416975448297e-05
-6.015959758231887897e-05
-3.224405241045456881e-05
1.410684723602512132e-05
2.007707186871453628e-05
-4.491390274488069739e-02
-1.657965667430981102e-02
-1.510485604729393347e-05
4.443887875493356295e-05
-3.428664726602871507e-05
-8.114871686292241619e-06
-8.299058904656888327e-06
2.575716481217448645e-02
1.474677823796706998e-02
8.632367850051662851e-06
-5.443974473672939655e-05
8.245765375037710258e-05
1.061630021989019727e-05
3.035423422657261387e-06
-2.287519681669679394e-02
-3.109785746302416520e-07
1.077599687524538759e-05
5.744490824952351728e-06
-1.393880295344656369e-05
1.755686036232482518e-03
6.937111499162678960e-06
3.642546776919739841e-06
-2.526107733775710909e-06
2.286006426315822528e-05
-2.807497653961853690e+00
1.891706233181306374e+00
-3.524540079637721868e-01
1.605089023598555098e+00
1.362183298590183833e+00
9.458311090993987147e-01
4.257377248027743866e-01
1.670576448329796904e+00
1.245969074206741957e-07
9.283900401533021988e-05
-6.937892839140340082e-07
3.856035255034643539e-07
1.498639791581312612e-03
-2.109636320063137546e-06
1.084565555042052227e-08
-3.414431313150084312e-03
-5.709707796399933625e-08
-1.413860824099610440e-08
1.713545518320835816e-03
8.098470326265163063e-08
-4.724187092474619393e-08
3.078616914919714807e-03
2.510592431834674751e-07
1.052908265009061985e-07
-6.302624564537066126e-03
-5.293206849511159562e-07
-1.162432261323883068e-06
1.069941850216009758e-08
-9.347022402201903002e-02
-1.103818734736615301e-08
2.956303231915063183e-06
2.434049991096998701e-10
2.870603759870435177e-09
-2.101756352155761953e-02
-1.573787889370204648e-09
-2.684923373198467327e-09
-1.592119889116154435e-07
-9.459598264396878536e-10
-4.358205352784818264e-03
1.274952243157037872e-09
4.024758683155703114e-07
-1.018261232357304579e-07
-1.340502269115172398e-09
-2.624580611609994910e-03
7.101666249246376410e-10
2.594258853434480269e-07
-1.368672668989875289e-07
-7.566052473213588809e-10
-3.655710700018158406e-04
-6.921682379747774310e-10
3.498889617491914913e-07
2.176025817613563143e-07
-5.720736842680827247e-10
-5.839433915084047593e-04
2.951071443202857010e-09
-5.507560897800333199e-07
-3.457874183851521871e-02
4.735733952316622455e-10
3.916031839776118292e-09
7.672528623367037316e-05
5.010239159308703986e-08
5.495518711412875259e-09
5.405526411767680450e-02
8.656766783744589827e-03
-1.994222840176007079e-09
-1.859776800504184881e-08
-2.914256656025080014e-04
4.049665765324965793e-08
3.301825745524905997e-09
-1.356751744375069187e-02
-2.263486291185624107e-03
4.799107122183282405e-09
2.155518222139869456e-08
4.669899737631951972e-04
-5.225270492823621885e-08
-7.892859412051756613e-09
3.583700681450932134e-03
6.016865905876618782e-08
-8.651321349917743338e-05
3.087156994156580623e-08
-9.344113764929223559e-10
2.395386595528235883e-03
7.400006283918616718e-10
-7.872031276510953492e-08
6.741859185538457756e-05
-6.076723286352629203e-08
-3.325505091991602047e+00
4.609983845879293440e+00
1.492328594105355899e+00
3.790429524255421734e-02
-2.043291939372043675e+00
2.509247105368697994e+00
1.331904806563912080e+00
3.618105900230372374e+00
2.694979731624664656e-06
7.394193427758339243e-04
-7.795690979727555895e-05
2.387525666386267336e-05
1.535059518238600547e-03
-1.067519406422314188e-04
5.216751852076783718e-05
3.248423233828891428e-03
-2.334375776359360260e-05
-2.652182119748699359e-05
-2.767355134532892627e-03
1.375137168758436259e-05
-1.108379905089935949e-06
-4.443147044955080179e-03
1.865861130992380019e-05
-1.814061525973334078e-05
2.817136417330310966e-03
-6.784050058768989742e-06
-4.323393729200504125e-05
6.456746743521270780e-03
-5.573930157981374203e-06
1.268230072821792561e-04
1.373586989014751272e-04
-2.765458552671790776e-02
-1.597615224341151379e-04
-1.339103255904724944e-04
6.073528002685181824e-05
6.201749630421816745e-05
-5.110006012410516461e-03
-3.968545784709949064e-05
-5.681248186767873834e-05
-2.153085485917396682e-05
-3.302153099960209815e-06
-9.343330230085515262e-03
9.109462915397009456e-06
1.823952316687713564e-05
-1.909598657309801283e-05
-7.726836994356220994e-06
-1.224460354611246922e-02
1.693895642787627545e-05
1.647320835923160468e-05
3.735527506783436124e-06
-5.166332654028182545e-06
3.892274497228325175e-03
-7.449146517211579977e-06
-1.452700000523104551e-06
-2.130689767957630547e-07
-3.331843852800483167e-05
1.894542402317709673e-03
-3.418924264357967480e-06
7.411490588206971075e-06
2.886515898461814930e-02
-3.179981985635104693e-05
4.255508892408507032e-05
-3.225026784039509726e-05
4.476309943250545391e-05
1.491483292489137122e-05
-4.491391635999044535e-02
-1.657964810346372608e-02
1.474059579435181656e-05
-2.938430320218467478e-05
-3.428137448519751008e-05
-3.428091871329688197e-05
-8.929052645125372568e-06
2.575717778951231926e-02
1.474676853969235368e-02
-6.945935452772967670e-06
3.655437352483812416e-05
8.245056268285931621e-05
4.168994328172702721e-05
5.953434366714253732e-06
-2.287521170455482367e-02
2.006759827125851543e-05
1.077508769884311926e-05
-6.032138958924235230e-06
1.297941079823513399e-05
1.755683806027817477e-03
8.603289173855256655e-06
3.118233405370295707e-06
-2.527543316158375624e-06
-1.119422520329407582e-05
-2.807486174273171375e+00
1.891725084742127194e+00
-3.524424967044735291e-01
1.605083407677589724e+00
1.362190050421050236e+00
9.458397187395612971e-01
4.257373419027507544e-01
1.670568060863154347e+00
-7.920272162287891578e-05
2.805033999465825602e-04
1.052317475237483414e-04
-1.884291747975248648e-04
1.914752041964652924e-03
2.593244052319073961e-04
-1.448493154388824891e-06
-3.445971176288567875e-03
2.669491993432269805e-06
4.623136595524976324e-06
1.695480747824714991e-03
3.444539477500156611e-06
1.000990593112725579e-06
3.077690026405193683e-03
8.342227770400548415e-06
2.135788268721522989e-05
-6.369786618046367234e-03
-1.632776774910675281e-05
7.188395275220930991e-05
1.286837563081275494e-04
-9.374271765264984013e-02
-2.310850050438458621e-04
-3.564580589037829011e-05
-2.482577629077393881e-05
9.007290265266538272e-06
-2.107964665118858272e-02
4.888564855856137887e-06
-1.772402293573267749e-05
1.331379938934925171e-05
6.126675307779574009e-06
-4.364346491228594110e-03
-2.283170810483023633e-05
3.133698353520267558e-06
1.235086063126892852e-05
1.573473096775689984e-06
-2.622543399579337249e-03
-1.677094531132126981e-05
1.127208328310385605e-06
1.664486941874767376e-05
9.311079223948828739e-06
-3.839081529576940073e-04
-3.282629548562383034e-05
-8.911964634689797167e-07
-1.539442898708902121e-05
-1.608273312632660688e-05
-5.440768133763060864e-04
4.029633211366652582e-05
-4.696005476232732018e-07
-3.460361168411744959e-02
-5.030431693370974327e-05
7.861224543902225440e-05
-6.988484598604281263e-05
-5.216494294243955441e-05
-5.903259771988695899e-05
5.401841278829565274e-02
8.650398638974200055e-03
5.105300847379843900e-05
-6.480335744498567495e-05
-1.409715496936156745e-04
4.681332964859479873e-05
4.938013670065212539e-05
-1.357776425380233416e-02
-2.242298028855387471e-03
-4.707736495906676200e-05
7.699900314818879435e-05
2.687311933837249669e-04
-6.999534337490817483e-05
-5.090589519432347604e-05
3.616727058566322501e-03
6.335517244417767692e-07
-5.474753146858677354e-05
2.393841170836343295e-06
-2.642987499255536723e-06
2.384705071440247365e-03
-1.582158858715474663e-06
5.266809128580739543e-06
1.161657955430729834e-04
5.131124922043862874e-05
-3.325508870559653385e+00
4.610029186801110512e+00
1.492328908614784400e+00
3.787626035455107787e-02
-2.043270440817365419e+00
2.509212544338658368e+00
1.331906119407988864e+00
3.618120645296812654e+00
-8.182441858859864617e-05
5.928622184118374338e-04
-1.896994139792282721e-04
-1.207041545821320086e-04
1.323329740173905499e-03
-2.613139341195857700e-04
-4.681787145676464976e-05
3.159515944292968365e-03
-6.105034736571909491e-05
2.583882881961888577e-05
-2.727112702032217801e-03
3.571309691812355283e-05
1.983362518537445243e-05
-4.410577778996916179e-03
4.549410391920086948e-05
9.672252613346297635e-07
2.818796381202957804e-03
-1.487633966774744155e-05
1.329146317852040494e-05
6.486081209630017649e-03
-9.674466891003959606e-06
-7.934012658473682913e-05
-2.301952030007920803e-04
-2.810100120639707696e-02
-4.054999126968558383e-04
-5.792584405374510173e-05
-3.392361858648254726e-05
-6.978318881457103986e-05
-5.257317647890207696e-03
-1.035454175175709167e-04
-1.298113326604674211e-05
1.065442967216654284e-05
1.110495569867354916e-05
-9.326986814030747974e-03
2.268544830040174516e-05
5.557228449798049341e-07
9.699056968396891466e-06
2.133512181735403344e-05
-1.219455081702763323e-02
4.231518721262677300e-05
1.128773200399425457e-06
-9.809401764146931938e-07
-5.503805229630292409e-06
3.871704621541295546e-03
-1.773109566798846120e-05
3.377937354605010291e-06
4.104413563381282781e-06
1.145816799038040670e-05
1.906822283046822599e-03
-4.987038351622751071e-06
1.477575546195247770e-05
2.882749332533896328e-02
9.351012021489495476e-06
2.841422686502212549e-05
4.240760751840017212e-05
1.058621945839823063e-04
-2.357776441400588402e-05
-4.496741091217452968e-02
-1.653554466714187918e-02
-5.384476128805845634e-06
-2.310821967011115834e-05
-8.046815516153706387e-05
-8.141160331368896177e-05
6.728178677005968046e-06
2.582290490664121071e-02
1.468576228059100854e-02
3.483051163015219204e-06
2.760383586698292855e-05
1.355281011478726779e-04
9.870663813982177349e-05
3.784787889560179063e-07
-2.296754483216876391e-02
-6.670270254627677878e-06
1.934590011541872335e-06
1.666808969658533070e-06
3.184198423568350467e-06
1.761598938242080886e-03
1.989963186629756966e-05
-4.038585955334840328e-06
-1.629068403096304134e-05
5.562708437434622049e-06
-2.807486175571155318e+00
1.891725081932161601e+00
-3.524424979764947397e-01
1.605083407793357342e+00
1.362190049842711081e+00
9.458397179763782248e-01
4.257373419520061875e-01
1.670568061831609441e+00
1.315523934205654433e-04
2.804802001552932165e-04
1.504199354672868659e-05
3.212708954139664079e-04
1.914700223476084292e-03
3.068742183391327875e-05
3.102420095084366054e-06
-3.445967238396925331e-03
-1.568050665827968716e-07
5.763195452178517444e-07
1.695482288964151978e-03
-5.619268957192030495e-06
6.433205743350939999e-06
3.077689268148643253e-03
-4.704950333612481045e-06
-2.421290067242414559e-05
-6.369779220080771208e-03
-1.103797296697774750e-05
-4.277422493345728436e-06
-2.644774215658597443e-04
-9.374267884965097053e-02
4.108882475511084237e-06
8.554890422588398951e-05
2.776297443610096802e-05
-2.711133239821812702e-07
-2.107964050217511071e-02
-1.024900397116812222e-05
-1.264173220129699415e-05
-9.263389863971969752e-06
-2.283800248550115820e-05
-4.364344088199122521e-03
6.114994613528909975e-06
1.070726824518838846e-05
-7.082214001279296411e-06
-1.531103129625823795e-05
-2.622542145200012012e-03
7.026558506042748723e-06
1.061265329595509967e-05
-7.456784643225810302e-06
-3.308378413742613496e-05
-3.839039142336579625e-04
8.353251346071215603e-06
1.550838831592168249e-05
7.956687530727939969e-06
4.293773362618730476e-05
-5.440834013398032978e-04
-6.221267613084743302e-06
-1.411568524501981799e-05
-3.460361677646168338e-02
7.628276567300137337e-05
-8.455958429087802471e-05
-6.987242880895309233e-05
-4.193184125915392751e-05
-1.403245958812262523e-05
5.401840579758616229e-02
8.650405924965296964e-03
-6.829435920263763921e-05
7.291223217583837879e-05
-1.409869094105888347e-04
3.276881301133063027e-05
1.952510830449534667e-05
-1.357775305935252780e-02
-2.242307974242341989e-03
6.762692536086115818e-05
-9.907478445936069049e-05
2.687531108554300262e-04
-3.175269054494798200e-05
-1.532708696900792719e-05
3.616711552545223869e-03
4.426921270669676481e-05
-5.475121668384194890e-05
-5.779629869873801240e-06
-4.865822095627956624e-08
2.384707187333342648e-03
3.081564488799148687e-06
-7.063743315794898409e-07
1.161600509992509776e-04
-2.624816689537132948e-05
-3.325505092066349366e+00
4.609983842985686309e+00
1.492328593999745268e+00
3.790429680809982715e-02
-2.043291941111006871e+00
2.509247107840394619e+00
1.331904806455267876e+00
3.618105899199244746e+00
-6.759119128709313671e-05
7.394308932128838786e-04
3.520859625530426437e-05
-1.022605258647443685e-04
1.535076600306538872e-03
3.028531644759932114e-05
-4.516131326465766663e-05
3.248430637468429673e-03
-3.480804815073521935e-05
2.464287665670072242e-05
-2.767358736020170303e-03
1.669401432974350387e-05
1.644606393906662478e-05
-4.443149609233650911e-03
-8.068199640516061244e-06
3.127020525271355161e-06
2.817136150313062377e-03
1.918181826837847515e-05
1.648748011924600600e-05
6.456744022172031944e-03
4.057590208875107312e-05
5.308629200982581772e-05
-2.069586812116213791e-04
-2.765454800408725239e-02
-3.909318634225062366e-05
1.804216905764088549e-04
1.903584660318149004e-05
-6.535365280112154511e-05
-5.109994172209262123e-03
-3.387283959222539120e-05
8.238396658540641441e-05
-5.013377963308058193e-06
9.534634342479177981e-06
-9.343331844983499695e-03
-1.692394004798056597e-06
-2.763623207498594876e-05
-4.728398232102160492e-06
1.852315633725671394e-05
-1.224460767026259653e-02
-1.773557231765251726e-06
-2.483497394780940167e-05
-5.927072831784089704e-07
-3.865465031231217526e-06
3.892276072008264871e-03
8.198167488803484795e-06
4.074358452492866409e-06
-6.327549931329264523e-06
1.369381302310955227e-05
1.894540983490804317e-03
3.056756154215180846e-05
-4.009263061088462886e-06
2.886516418575504547e-02
2.977476027079708598e-06
1.772881533897069291e-05
-3.225580676240218580e-05
-5.952595144949186204e-05
-3.500169694429703217e-05
-4.491390882851085259e-02
-1.657965307494617749e-02
3.647661176997120004e-07
-1.511897475311727066e-05
-3.427815845083941699e-05
4.274028184301102077e-05
1.723291749685677609e-05
2.575717019225951324e-02
1.474677441199454681e-02
-1.684118778801961301e-06
1.795070423439183642e-05
8.244681093219462112e-05
-5.265677229809787431e-05
-8.997432092630612197e-06
-2.287520250960451904e-02
-1.961383144333317191e-05
1.077568698199366378e-05
3.096231114844019942e-07
9.603143284591412278e-07
1.755683660221756025e-03
-1.554345882503857765e-05
-6.818270132795427548e-06
-2.526527556518213786e-06
-1.181676463009928148e-05
-2.807487714693035041e+00
1.891701190945699107e+00
-3.524427027171520010e-01
1.605071941525101575e+00
1.362192028193569771e+00
9.458416900451516174e-01
4.257371785036572764e-01
1.670571250491251103e+00
-4.266145581210493547e-05
1.871600982661023038e-04
2.452365600820249087e-05
-1.100126749464784982e-04
1.699467592713916871e-03
4.566830553729585290e-05
-1.504150937659109096e-06
-3.428987918045460059e-03
-6.281737109843593327e-07
-6.285641022859395767e-06
1.691192711071990351e-03
-1.394535900648815364e-05
-8.192016203866367421e-06
3.062416562085306781e-03
-1.254562669457913787e-05
-1.464952266827067242e-08
-6.353282278526978417e-03
-2.385466049223804665e-05
4.388847645588227274e-05
1.238693820957253696e-04
-9.350604699640030493e-02
3.707932661748262787e-05
1.661060218349749208e-04
-7.934553630138229795e-06
-1.069329349504884879e-05
-2.107437352203846842e-02
-2.512444153579783808e-05
2.137870491870627664e-05
5.788777020567144914e-06
1.677017441343458233e-05
-4.335220628002274187e-03
1.732723947657305457e-05
5.959722828465873303e-06
5.787559486821266277e-06
1.431423566193880788e-05
-2.597876975530967469e-03
1.877437724988105332e-05
9.509161407265259193e-06
8.381439483090256541e-06
2.373576047425722465e-05
-3.389783478659262562e-04
2.382966257238899147e-05
1.882637365461498256e-05
-7.457522410576700627e-06
-2.596547338124391218e-05
-5.964038415395765376e-04
-1.963704261305797145e-05
-1.507917353688618462e-05
-3.467105727344181598e-02
-1.043628541334927896e-05
-5.899948341101332204e-06
-9.587667691199678027e-05
-9.412818297968381781e-05
1.012123222806584786e-04
5.391939494053114845e-02
8.718503831241092294e-03
1.327642737127521787e-05
1.614735181031752308e-06
-1.536297636756598620e-04
7.295323252427277636e-05
-7.599573486689619633e-05
-1.347337712457572639e-02
-2.326272950560585862e-03
-1.100285058942485685e-05
1.121056994567136806e-05
3.179014304551732329e-04
-6.789324595051636393e-05
8.332503088142132754e-05
3.486566664672779460e-03
-1.787254876227332826e-05
-6.750049538482166562e-05
-2.097570538171750860e-07
3.045870909534299236e-06
2.403350932698425715e-03
7.328061346381731862e-06
-1.141115070231611461e-05
9.684444631227283448e-05
1.075156637456586788e-05
-3.325508871097233587e+00
4.610029192437745671e+00
1.492328908605572213e+00
3.787625684844490859e-02
-2.043270438171960635e+00
2.509212540148442194e+00
1.331906119561639290e+00
3.618120647105776744e+00
2.045758356781001504e-04
5.928437687404819858e-04
2.221465378849957979e-05
2.856117022744357210e-04
1.323303657809451941e-03
2.314057725911076034e-05
7.571461893855886639e-05
3.159504596845356169e-03
-1.162997097373914899e-05
-4.358659554425154710e-05
-2.727108204366589846e-03
5.262634147220167273e-06
-4.918545579282919698e-05
-4.410573670339775973e-03
-5.199487103712280441e-06
1.243483034405513581e-05
2.818796528064416562e-03
8.373333249390189708e-06
1.884554317336162509e-06
6.486084473842450120e-03
1.677455419842116549e-05
-1.339891286793321678e-05
4.662584464262533798e-04
-2.810105515821952060e-02
3.448290227624877698e-06
9.993079364767813537e-05
4.615440993265322738e-06
1.245593609549806922e-04
-5.257336509404319548e-03
-8.645112303023189945e-06
3.672493062230038161e-05
-4.945552831818717718e-06
-2.519744954480549411e-05
-9.326984993900234652e-03
-1.725653980525260783e-06
-9.421321912013516721e-06
-3.820759041080775481e-06
-4.731151866759291221e-05
-1.219454479861835187e-02
-2.682028465382261449e-06
-8.999866801331442474e-06
3.325528024347528069e-06
1.810747500204049285e-05
3.871702106860439637e-03
4.099429162172125346e-06
-7.691864007735800349e-07
1.083808165825897164e-05
-1.407337709737348906e-06
1.906823410634662756e-03
1.241478529099314690e-05
-1.101650783560458506e-05
2.882749157795830991e-02
-2.508476413409309026e-05
-1.060141036667592370e-04
4.241714781708322366e-05
-2.869092287290827257e-05
3.690709649288534828e-06
-4.496741324344975116e-02
-1.653554236833865848e-02
8.514314869881793902e-06
8.212584710183144700e-05
-8.047443944323711827e-05
2.088755080193288425e-05
1.299182748547028998e-06
2.582290835660885214e-02
1.468575881647497978e-02
-1.408392480469691386e-06
-9.935302275267207000e-05
1.355353164846893085e-04
-2.564548242131901718e-05
-3.208240045490722971e-06
-2.296755013173052903e-02
-1.453573003289159207e-06
1.934048832302382433e-06
-4.301930884953767634e-06
-1.882678816402534973e-05
1.761599775914767093e-03
-7.193554128135365688e-06
5.543764645864509931e-07
-1.629161689101210958e-05
-8.669448378752359549e-06
-2.807486175297817965e+00
1.891725083114232930e+00
-3.524424977374560064e-01
1.605083408148816559e+00
1.362190049813944315e+00
9.458397179682995759e-01
4.257373419653693869e-01
1.670568061633572965e+00
-8.002936882719078270e-05
-2.804856176394057883e-04
-1.061680186450065090e-04
-1.909261289488955961e-04
-1.914712345851645988e-03
-2.621620728092990916e-04
-1.514975662681260676e-06
3.445968371455034908e-03
-2.745802913454687619e-06
4.717950838059225543e-06
-1.695482218516696166e-03
-3.333746924145194910e-06
1.291072328425747989e-06
-3.077689908097961616e-03
-8.005069064370777906e-06
2.075314393766062812e-05
6.369780404050589227e-03
1.562722055904129773e-05
-7.111524924972165086e-05
-1.287134846192868921e-04
-9.374269098479157125e-02
-2.310749621519521901e-04
-4.109383651485694366e-05
2.482710400359861521e-05
-9.008037314309837477e-06
-2.107964103275805981e-02
4.885857894492497177e-06
-1.771390018079324312e-05
-1.320862447603600091e-05
-6.130401807117191336e-06
-4.364345484630502772e-03
-2.283111524409390256e-05
2.389561596840710677e-06
-1.228390995359883560e-05
-1.575082581670449221e-06
-2.622543215101846674e-03
-1.676897852624536269e-05
6.478332311058290565e-07
-1.655490295608129549e-05
-9.313662362493399153e-06
-3.839059821902962490e-04
-3.282226771028678498e-05
-1.536994714937978823e-06
1.525047213797501028e-05
1.608485350763376779e-05
-5.440808224048690944e-04
4.029052582555088215e-05
5.475412461852098534e-07
-3.460361014143054081e-02
-5.030649788755789219e-05
7.869442658931159349e-05
6.987229773609436242e-05
5.225350858223498342e-05
5.902536227034303523e-05
-5.401841576114670140e-02
8.650399179464831473e-03
5.105437287911574352e-05
-6.477665578906919815e-05
1.409853134330211208e-04
-4.677645867205636426e-05
-4.935953216072284987e-05
1.357776346619023883e-02
-2.242299631102602150e-03
-4.707655806005283446e-05
7.696276243317567533e-05
-2.687495902811761362e-04
6.994298461145791992e-05
5.087631760905286679e-05
-3.616724533630347356e-03
-4.773400358351034736e-07
5.474993640717421386e-05
-2.414494500862805000e-06
2.642924633903981119e-06
2.384706050084226155e-03
-1.581665679043094651e-06
5.410643749684002513e-06
1.161620621182644610e-04
5.135628174496560883e-05
-3.325508870829859909e+00
4.610029184325632912e+00
1.492328908679928956e+00
3.787626151143899667e-02
-2.043270442579896429e+00
2.509212546217742368e+00
1.331906119090791263e+00
3.618120644360255600e+00
2.033462856489580471e-04
-5.928758747776145810e-04
-2.365560046313536330e-05
2.835408176451184267e-04
-1.323347249960068160e-03
-2.555964994622122950e-05
7.459347705629616819e-05
-3.159518531335816539e-03
1.033170961515587815e-05
-4.306949104133380541e-05
2.727113732502925263e-03
-4.663010537962528086e-06
-4.892812961904387459e-05
4.410581249670052217e-03
5.501828676087781242e-06
1.250434945665034481e-05
-2.818798590574962161e-03
-8.295843087630542725e-06
2.184845729296232831e-06
-6.486084353610001990e-03
-1.643152993281167852e-05
1.392890596401738089e-05
-4.662802406744901720e-04
-2.810097667703819260e-02
3.464829005638477687e-06
9.631657917181234727e-05
-4.414738537700856856e-06
-1.245638213650604724e-04
-5.257312778499723116e-03
-8.641070127866432439e-06
3.535332268005891376e-05
4.964070818673645578e-06
2.519711712200775350e-05
-9.326988134560306939e-03
-1.728569549059888649e-06
-9.553493357868791139e-06
3.811702651197085774e-06
4.731143518859498733e-05
-1.219455452306667138e-02
-2.686777540107099797e-06
-8.941306799355017813e-06
-3.309283879531760389e-06
-1.810820174423676782e-05
3.871707102918748450e-03
4.100972182952441422e-06
-8.821475972947778017e-07
-1.085593120089421628e-05
1.405084001579480850e-06
1.906825111282365063e-03
1.241448076778503914e-05
-1.089937232306195016e-05
2.882748969658564461e-02
-2.508466893190055251e-05
-1.062728916156480683e-04
-4.239525996560880323e-05
2.840710237645721021e-05
-3.695191652047616381e-06
4.496741612161936352e-02
-1.653554221157922319e-02
8.514035653875190630e-06
8.226327643903359201e-05
8.045920820339106131e-05
-2.074020760732314585e-05
-1.297182635881928854e-06
-2.582290847485410948e-02
1.468576048672635449e-02
-1.407535837084764231e-06
-9.949377318550993823e-05
-1.355168008585278449e-04
2.549676496738340783e-05
3.203625482965249971e-06
2.296754735778017836e-02
1.568680990777740762e-06
-1.934740142704145700e-06
4.296954747462905161e-06
1.882910540241674335e-05
1.761596437857497911e-03
-7.193986196545122001e-06
5.894512430063286960e-07
-1.629046056879064028e-05
-8.636803437291323132e-06
-2.807487714795259048e+00
1.891701188698346581e+00
-3.524427027130945800e-01
1.605071940290760280e+00
1.362192028410272204e+00
9.458416903042561330e-01
4.257371785108593487e-01
1.670571250734261382e+00
-4.345001636722971414e-05
-1.871535946609362581e-04
-2.545775979652773697e-05
-1.124162134264048476e-04
-1.699452261926837375e-03
-4.850151881058433243e-05
-1.569669802664602507e-06
3.428986832553910114e-03
5.519683823270118319e-07
-6.190141141392712728e-06
-1.691192129212039071e-03
1.405476577142119149e-05
-7.899518719787687447e-06
-3.062415292643001601e-03
1.288127533354963800e-05
-6.259098141104172410e-07
6.353281345270052685e-03
2.315299593355476385e-05
-4.311184946871603229e-05
-1.238191061368515877e-04
-9.350602853826893435e-02
3.708503390121618642e-05
1.606590884462976300e-04
7.926670984174155528e-06
1.069177989505514214e-05
-2.107437345313096025e-02
-2.512511029437319052e-05
2.138053110992573478e-05
-5.679999737108884430e-06
-1.676652444966259700e-05
-4.335218234890944426e-03
1.732630970540174220e-05
5.218376414138855039e-06
-5.717656564197686370e-06
-1.431067406014164040e-05
-2.597874943279684413e-03
1.877473297844098736e-05
9.031902711965540551e-06
-8.288064617755490048e-06
-2.372771614099262219e-05
-3.389748199573281340e-04
2.383156492155999375e-05
1.818278686181677893e-05
7.310200410602873494e-06
2.595415790816319173e-05
-5.964080332900084311e-04
-1.964100727036068863e-05
-1.406441159154568296e-05
-3.467106218799124312e-02
-1.041498713652682585e-05
-5.839967517747264114e-06
9.587989132688013675e-05
9.420961870167118639e-05
-1.011968828283471268e-04
-5.391938728392586810e-02
8.718509611117000041e-03
1.325627199694577929e-05
1.660786461433404059e-06
1.536298322748239987e-04
-7.291087593489104510e-05
7.599604430882057828e-05
1.347336796227008304e-02
-2.326280514747168082e-03
-1.098101152009735781e-05
1.114705412639948551e-05
-3.179041987233475488e-04
6.783591908683093725e-05
-8.333442772396842490e-05
-3.486554685544562306e-03
1.801153126664004262e-05
6.750248590377072946e-05
1.907604959681471091e-07
-3.045743516488537479e-06
2.403352443017673420e-03
7.327910647527349102e-06
-1.126583879889592974e-05
9.684124489323648450e-05
1.078845588583757845e-05
-3.325507702544710398e+00
4.609973452153686146e+00
1.492332057514949017e+00
3.790874929485207184e-02
-2.043304538453047492e+00
2.509254669395384330e+00
1.331901221050761475e+00
3.618100185363112509e+00
-1.044731359233122173e-06
-8.769314727537976537e-04
-3.480436894955020713e-07
-1.752165616825668160e-06
-1.696503980861707207e-03
-5.885161787904578012e-07
-9.378860927229159400e-07
-3.232439582756214090e-03
-3.219518649945284682e-07
4.333672521425518396e-07
2.759118298845099782e-03
1.482504039627856906e-07
2.195066890785868879e-07
4.480552380608585940e-03
7.269721903246512453e-08
5.517286694071265123e-08
-2.855188640016596835e-03
2.073132466818324031e-08
2.464452296871774925e-07
-6.528004925385425851e-03
8.734582231751150094e-08
1.305579220472510181e-06
2.045918402692595699e-08
-2.753795237715327485e-02
-2.013946080545538570e-08
-1.687199369997625725e-06
4.956098610336202739e-07
4.619465233507772321e-09
-5.111228917152679969e-03
-4.630470246051168086e-09
-6.409836673542638281e-07
4.736297863501316083e-08
-2.656626026391480467e-09
-9.354960220199253634e-03
7.169201180476562223e-10
-5.686847552833606561e-08
-2.140306724740908064e-08
-4.431319611581259217e-09
-1.227127346110182086e-02
1.478136052503128571e-09
3.024247726590166502e-08
4.080321734419769241e-08
1.680469415300247194e-09
3.918546456567992796e-03
-9.046190102205410954e-10
-5.190979733687923502e-08
-4.226080664802141949e-08
4.931425862463246632e-10
1.950658457448345125e-03
-1.092381311826218078e-09
5.596151996015537920e-08
2.878580934726805707e-02
2.056016683886080658e-09
-2.012019021926430251e-07
1.919165391632130283e-04
-7.890780427781943284e-08
-3.939678095397950884e-09
4.503088789104177370e-02
-1.651031014786585524e-02
-9.372407348837029848e-10
1.036242317383419106e-07
-8.728676363128743971e-05
4.288937069820196593e-08
2.391815047979019704e-09
-2.586141069954146082e-02
1.467286652898801627e-02
1.776328101600163546e-09
-1.040324404858834130e-07
7.391116162195146295e-05
-4.454384604470014108e-08
-3.317639888120368396e-09
2.298696466764868149e-02
6.463062346604253080e-08
-5.104872273780541427e-06
-1.271853215868852502e-08
-1.097190949581087516e-09
1.715489921456876676e-03
1.496488500334081919e-09
1.648524415063137964e-08
-1.082757958572575504e-05
-1.571058547871295303e-08
-2.807487715569341180e+00
1.891701191728621945e+00
-3.524427036767920907e-01
1.605071943216803687e+00
1.362192027332655542e+00
9.458416890367877805e-01
4.257371785338182058e-01
1.670571250939868690e+00
-1.136113007900730471e-06
-1.871530403780636469e-04
4.943904449901600915e-05
1.173881783604340457e-05
-1.699453097896833726e-03
1.188094613940472163e-04
1.196677065996119891e-06
3.428986753763956820e-03
1.007430188616967267e-06
1.536257692837169356e-05
-1.691194931826866784e-03
-1.557960456465177229e-06
1.539694253433787662e-05
-3.062418279692033334e-03
7.362018380224585872e-07
1.975749057029818062e-05
6.353277968988781631e-03
-1.174061407925680071e-05
-1.167945867551346394e-04
9.402758548262887665e-05
-9.350604760150597883e-02
8.871968721568393782e-05
-1.231297594659550563e-04
-2.248165543647341006e-05
-2.710682201932147162e-05
-2.107436832217241679e-02
3.304247968551000860e-06
-3.818998947632664873e-06
-1.571700798518373425e-06
2.338794842125679110e-05
-4.335223167601615774e-03
5.857437937150473603e-06
-8.272478207091009698e-06
-4.893804340995821611e-06
2.341574812312090917e-05
-2.597879756482839898e-03
3.006766092504536004e-06
-9.947531344072373284e-06
-1.150959902112849790e-05
3.250487238260684007e-05
-3.389814827092593632e-04
8.636864054602281610e-06
-1.691632066672326231e-05
8.378237935859573018e-06
-2.999033453276355037e-05
-5.964019367909967556e-04
-1.266371112592168196e-05
1.438125585051717079e-05
-3.467104930097276994e-02
9.285030465125193241e-05
8.458523605203764834e-05
9.586102814332451288e-05
-4.198137932711022626e-05
4.158532288664773963e-05
-5.391940660168618310e-02
8.718498572126550869e-03
-7.244773170158737394e-05
-6.394174420480967834e-05
1.536419783879512918e-04
3.507235190965480367e-05
-2.650810828876676211e-05
1.347338509210913894e-02
-2.326267723350162239e-03
7.766676472993752156e-05
5.313008764260768391e-05
-3.179141513139927813e-04
-4.364421271026072544e-05
3.213945057986721850e-05
-3.486574711276804479e-03
4.875236644157960502e-07
6.750244815018747015e-05
9.640544112479616518e-06
7.869347518325641800e-06
2.403349921385787482e-03
-1.026954003974559458e-06
5.943252670831903207e-06
9.684146939433553765e-05
-2.095245952802983702e-05
-3.325505091546304470e+00
4.609983845174986605e+00
1.492328594050728707e+00
3.790429613289710009e-02
-2.043291939406887359e+00
2.509247106371357283e+00
1.331904806760499049e+00
3.618105899950513571e+00
1.465730120386380215e-06
-7.394189197663961167e-04
7.651295852785358132e-05
2.180461819330428962e-05
-1.535061386983553166e-03
1.043282368903141898e-04
5.104571475556545391e-05
-3.248429070810980070e-03
2.204343744132073783e-05
-2.600436486905900510e-05
2.767358087100794603e-03
-1.315069718367518752e-05
-8.507948923593749779e-07
4.443146599819430484e-03
-1.835553696311822906e-05
-1.807114141560117027e-05
-2.817133878819222132e-03
6.861599608158574666e-06
-4.293374230964731392e-05
-6.456740568351153342e-03
5.917529052837838853e-06
-1.262947252980844439e-04
-1.373786448238634248e-04
-2.765456807927293287e-02
-1.597387005045481203e-04
-1.375248979957945929e-04
-6.053426104305682001e-05
-6.202144103122523362e-05
-5.109997712117744784e-03
-3.967944695066023613e-05
-5.818466873510819344e-05
2.154876566586873108e-05
3.301765471700117293e-06
-9.343330435707690798e-03
9.106239975647723562e-06
1.810780711855163472e-05
1.908652029075322642e-05
7.726632787233560324e-06
-1.224460462634544174e-02
1.693361749220784356e-05
1.653219141202545806e-05
-3.719082089463914262e-06
5.165618735054365141e-06
3.892273919969881871e-03
-7.447460415685188174e-06
-1.565937349224413939e-06
1.960104055704011250e-07
3.331604582681932652e-05
1.894537960506737471e-03
-3.419583154518120662e-06
7.527941732301355408e-06
2.886516842677405367e-02
-3.179770448735490040e-05
4.229661236852160969e-05
3.224410315148286410e-05
-4.504632271233314947e-05
-1.492111726171958244e-05
4.491390251693455626e-02
-1.657965677573119967e-02
1.473960748228934827e-05
-2.924708145418986895e-05
3.428641763096484832e-05
3.442777439139669778e-05
8.931655157121736670e-06
-2.575716462577547217e-02
1.474677834145608074e-02
-6.944923081837959920e-06
3.641384224657058803e-05
-8.245760564857550798e-05
-4.183808368448664903e-05
-5.958132400788147614e-06
2.287519659485215406e-02
-1.995286024622313050e-05
-1.077599146102775651e-05
6.026778258808601533e-06
-1.297712199388517089e-05
1.755686072956926316e-03
8.602804121492984240e-06
3.153600944845782944e-06
-2.526110629657164753e-06
-1.116078173602315340e-05
-2.807497654097972806e+00
1.891706233330289422e+00
-3.524540081730168084e-01
1.605089023804235904e+00
1.362183298585771585e+00
9.458311090795608056e-01
4.257377248034528439e-01
1.670576448306955841e+00
-6.635730149715429061e-07
-9.283899844467381627e-05
-2.391847911865020075e-07
-2.020907064955662169e-06
-1.498639822761084267e-03
-7.215809733971363894e-07
-5.498639536861898819e-08
3.414431322022259442e-03
-1.915358966049852311e-08
7.727182011620869930e-08
-1.713545568111318968e-03
2.829506892770369158e-08
2.411646916986924312e-07
-3.078616943262088828e-03
8.475225275727226141e-08
-5.111999523757137552e-07
6.302624548822687543e-03
-1.737663339811114991e-07
1.980135738723019429e-06
1.490428447752669921e-08
-9.347022369073224035e-02
-3.742247899382045758e-09
-2.485995463150342584e-06
-2.176081108438827266e-09
2.811945724409118704e-09
-2.101756390220452589e-02
-1.704530730277351438e-09
1.532076242124918372e-09
2.691363504125089441e-07
-1.581752669864944511e-09
-4.358205446349841181e-03
1.822070705264052423e-10
-3.392307008363758954e-07
1.738877900686688098e-07
-1.285718839827400270e-09
-2.624580587215768254e-03
8.047402699541090718e-10
-2.179438392296508624e-07
2.347581317641498359e-07
2.299893457691057372e-10
-3.655710306442510531e-04
9.975847255614182754e-10
-2.935632708902406204e-07
-3.684421659392033678e-07
-2.864582917135393537e-09
-5.839433411683570907e-04
-9.724206929978222857e-10
4.640463285127780732e-07
-3.457874159205186204e-02
-4.994923867205083711e-09
4.150331403096762908e-08
-7.672519384588241502e-05
2.838009729090895380e-08
2.324627942783149250e-09
-5.405526456481018344e-02
8.656766802924336160e-03
-1.865096799997337217e-09
4.432278125986491611e-08
2.914257304429654404e-04
4.199383186910789749e-09
3.389227859171415114e-09
1.356751752227530403e-02
-2.263486362464037834e-03
4.438859131062536001e-09
-5.597754716119859988e-08
-4.669899472273122227e-04
-7.512118242553531702e-09
-8.112634134715217276e-09
-3.583700684375603056e-03
8.267616329422692724e-08
8.651321287513924518e-05
-5.275512176493200287e-08
-1.107662801573394245e-09
2.395386667525623101e-03
4.373914148942628180e-10
6.610731597991762217e-08
6.741859342520938698e-05
-2.184340002155876288e-08
-3.325505092205099267e+00
4.609983846597876855e+00
1.492328594086852922e+00
3.790429473404666877e-02
-2.043291939246642208e+00
2.509247105039694059e+00
1.331904806555887832e+00
3.618105900376970219e+00
-6.886100326822336914e-05
-7.394194986239274693e-04
-3.664400188821149420e-05
-1.043887687628799104e-04
-1.535059896267812647e-03
-3.269884270681619833e-05
-4.630029854265411309e-05
-3.248422882848162139e-03
3.350596371724235252e-05
2.517005921377729838e-05
2.767355323550458115e-03
-1.609265728426673549e-05
1.671310660453006807e-05
4.443147130046547037e-03
8.369511701117371731e-06
3.195158017909559210e-06
-2.817136435320465905e-03
-1.910225373869923221e-05
1.678993571490332477e-05
-6.456746793959068816e-03
-4.022870312885251350e-05
-5.255714929425860826e-05
2.070369230137173659e-04
-2.765458622406212832e-02
-3.907538842247133235e-05
1.767868308805548808e-04
-1.883288745553360244e-05
6.537735721294664869e-05
-5.110005996577645856e-03
-3.386599797815165099e-05
8.100444548987961746e-05
5.030503919342478161e-06
-9.540099568915539764e-06
-9.343330192026513131e-03
-1.694986237428494507e-06
-2.776596375118927217e-05
4.718228723131940731e-06
-1.853298275036571299e-05
-1.224460341019355941e-02
-1.777845393882630108e-06
-2.477416689092941778e-05
6.096977550269618752e-07
3.867984736039126746e-06
3.892274367989396154e-03
8.198750929518377751e-06
3.961436564070628107e-06
6.311936327018574410e-06
-1.369834071595692466e-05
1.894542312007339163e-03
3.056407863968111217e-05
-3.890190229391104400e-06
2.886515909200258051e-02
2.983294517117501471e-06
1.748833793073856707e-05
3.225023557822706251e-05
5.923547261811479433e-05
3.499687760268038191e-05
4.491391635997710186e-02
-1.657964812662713824e-02
3.624845791984475255e-07
-1.499595192641280359e-05
3.428132889692205943e-05
-4.258808187402965699e-05
-1.723026934630998144e-05
-2.575717772099608838e-02
1.474676849131737258e-02
-1.682853460895568533e-06
1.782733310905007247e-05
-8.245054738747667998e-05
5.250202561281934000e-05
8.992081042567247275e-06
2.287521160368977471e-02
1.972826169674060372e-05
-1.077509403883255731e-05
-3.156172527514407271e-07
-9.609643647384317810e-07
1.755683873581087313e-03
-1.554214032295968766e-05
-6.783097608072032651e-06
-2.527542356368266059e-06
-1.178203276222061488e-05
-2.807486174195761741e+00
1.891725084885812480e+00
-3.524424966182841401e-01
1.605083407766984660e+00
1.362190050418455867e+00
9.458397187209243162e-01
4.257373419011448168e-01
1.670568060848937941e+00
1.307349697891990856e-04
-2.805032472919298612e-04
-1.597550710406893675e-05
3.187968248139597420e-04
-1.914752181558905747e-03
-3.352176325588586181e-05
3.036147772671550700e-06
3.445971033647304491e-03
8.034686816113841864e-08
6.713832686419726401e-07
-1.695480947625125582e-03
5.725946186833041795e-06
6.723903649217723161e-06
-3.077689968333204625e-03
5.037887035689217322e-06
-2.481893352287010520e-05
6.369786625309878207e-03
1.033269926639652478e-05
5.071694447272262593e-06
2.644673674890579565e-04
-9.374271783550806869e-02
4.099101371451583184e-06
8.007650390183454882e-05
-2.776230344842127348e-05
2.700215125218485921e-07
-2.107964669378250069e-02
-1.024482787121320977e-05
-1.263777841905010550e-05
9.370755769245502428e-06
2.283617773503503266e-05
-4.364346328263231552e-03
6.109997229266529034e-06
9.963231595779464396e-06
7.151612952722658687e-06
1.531080111920752598e-05
-2.622543310922537032e-03
7.022803395447878465e-06
1.013254596623311708e-05
7.550645834363175753e-06
3.308394146782147618e-05
-3.839081991840371274e-04
8.349513114800195612e-06
1.486044105623573003e-05
-8.103963553600259287e-06
-4.293900410075072793e-05
-5.440767770008563421e-04
-6.220106910435420500e-06
-1.309706007483055069e-05
-3.460361205900677750e-02
7.627589752004123572e-05
-8.448218303588176151e-05
6.988524723895673738e-05
4.199781320417159499e-05
1.404849917721708705e-05
-5.401841260824138263e-02
8.650398599195044391e-03
-6.829096294163341195e-05
7.294316380986008166e-05
1.409716684757711998e-04
-3.271471911147061905e-05
-1.952312288293469249e-05
1.357776415114430452e-02
-2.242297898319228332e-03
6.762448500353109915e-05
-9.911721764720685015e-05
-2.687312327735518164e-04
3.168543333979356551e-05
1.531723798667021906e-05
-3.616727037111022291e-03
-4.411992780194203402e-05
5.474748329957174577e-05
5.758134998563971567e-06
4.868882155721729506e-08
2.384704976280316215e-03
3.079967684948185867e-06
-5.603094788490974097e-07
1.161658099689654437e-04
-2.620432825566082428e-05
-3.325508870477023038e+00
4.610029186706748661e+00
1.492328908612905236e+00
3.787626049809830753e-02
-2.043270440757740225e+00
2.509212544412230184e+00
1.331906119412213929e+00
3.618120645265516799e+00
-1.233720113955210122e-04
-5.928621715334854306e-04
-1.657119213177417696e-04
-1.659520565751839902e-04
-1.323329935766967861e-03
-2.351901267324782473e-04
-2.946230570811521164e-05
-3.159515610794065392e-03
-7.107076637753246195e-05
1.800907914782774678e-05
2.727112938553543763e-03
4.023368844685915789e-05
2.948222965238964105e-05
4.410577760150359052e-03
3.992349861189134209e-05
-1.336688224643445596e-05
-2.818796474157268285e-03
-6.600515613915637899e-06
-1.502408052865455440e-05
-6.486081204340166627e-03
6.673537057146648289e-06
-8.983564764366169136e-05
2.360755997065849343e-04
-2.810100042813095875e-02
4.021048240950833227e-04
-3.974774757828943136e-05
-2.820410077242513656e-05
5.478137683421940352e-05
-5.257318334967654716e-03
1.122067178968398914e-04
-2.288832691963896165e-05
5.808546331691285599e-06
-1.409370340750808638e-05
-9.326986996647664355e-03
-2.095990201727935810e-05
8.949156729971156161e-06
5.827138358103567663e-06
-2.597847693369143769e-05
-1.219455096363685105e-02
-3.963435519276660424e-05
7.835254308291727493e-06
2.434911784505843573e-06
1.260368239279284888e-05
3.871704716229472550e-03
1.363198758568000679e-05
-2.538494510348996332e-06
1.484845095557321968e-05
1.004799134968971864e-05
1.906822263891657949e-03
-7.429532982896664182e-06
-3.833363667722641107e-06
2.882749337236312562e-02
1.574342911048917152e-05
7.747224763819211748e-05
-4.240745977277058515e-05
7.753851886487867677e-05
-1.988711130997094622e-05
4.496741087994786390e-02
-1.653554469674108074e-02
-3.134529266277035977e-06
-5.895041112367716511e-05
8.046826873052520773e-05
-6.071811175095753797e-05
8.027194790461378781e-06
-2.582290491682389874e-02
1.468576226076134111e-02
-2.069296797634868090e-06
7.168052953913601544e-05
-1.355281366232228201e-04
7.325895072813260920e-05
-2.827182568464293579e-06
2.296754487391703542e-02
-8.152565516494373682e-06
-1.934594944674318219e-06
-2.664105805117879697e-06
-1.564148290585448960e-05
1.761598992180449198e-03
-1.270741206443026501e-05
3.462799164275916797e-06
-1.629068621699853635e-05
2.995289745493626983e-06
-2.807486175536105577e+00
1.891725081664773267e+00
-3.524424979405441638e-01
1.605083407654480432e+00
1.362190049881100595e+00
9.458397179934456833e-01
4.257373419357126099e-01
1.670568061834169393e+00
-5.275015498023203871e-05
-2.804800546051029893e-04
1.214489472128710794e-04
-1.340614541236977012e-04
-1.914700419742848200e-03
2.935731124018968073e-04
-1.687053231948474225e-06
3.445966993035277232e-03
2.608361774776811290e-06
-5.154474572574895694e-06
-1.695482534283787026e-03
-2.310539590550061486e-06
-7.290946100972859569e-06
-3.077689244708907423e-03
3.218824748220101073e-06
2.546829499320625560e-06
6.369779229602422904e-03
-2.648798118720993707e-05
7.195048141242286587e-05
-1.357971137239398799e-04
-9.374267854159487601e-02
2.269897279078365230e-04
-4.647951575441045907e-05
2.933360504618850350e-06
8.740335275049240717e-06
-2.107964032270256624e-02
5.359293968651789963e-06
3.036434004520208879e-05
4.641255332792281689e-06
-1.671473997092924022e-05
-4.364344113708229500e-03
1.672079000710727410e-05
-1.337606906109697853e-05
5.649843047365371554e-06
-1.374069439689854187e-05
-2.622542128447080938e-03
9.746461410218299208e-06
-1.143977293362173585e-05
9.702467118499996144e-06
-2.377602601872796131e-05
-3.839038619734658577e-04
2.447477302853686288e-05
-1.421203702275410018e-05
-8.246523124067476522e-06
2.685665505487176683e-05
-5.440834223290472779e-04
-3.407453638504889137e-05
1.394863640985613855e-05
-3.460361672208980138e-02
-2.598891216449763437e-05
5.965687331483772920e-06
6.987251435260663328e-05
-9.419666547394231330e-05
-7.307904670156372773e-05
-5.401840561107922045e-02
8.650405860267081429e-03
1.723793648499804659e-05
-8.077415881612280582e-06
1.409869893217880745e-04
7.952822885029434791e-05
6.890720781934994103e-05
1.357775302946596756e-02
-2.242307905015541915e-03
-2.053981501796765637e-05
2.203868468614262948e-05
-2.687530800588493001e-04
-1.016775929904437179e-04
-6.623018018613651358e-05
-3.616711567559662346e-03
4.486615730072152097e-05
5.475121322888238420e-05
-3.501623661881027586e-06
-2.693031104250997517e-06
2.384707208452668554e-03
-1.498657364258342158e-06
-4.652104450869579849e-06
1.161600501825691453e-04
-2.521410853722276085e-05
-3.325505092103167026e+00
4.609983842731015358e+00
1.492328593951513849e+00
3.790429688503199612e-02
-2.043291941211878182e+00
2.509247107968088031e+00
1.331904806440334710e+00
3.618105899149047566e+00
6.428667805138137310e-05
-7.394310697699982933e-04
-4.093228434649980366e-05
7.735736555750994704e-05
-1.535076493684519065e-03
-7.341892698295786302e-05
-7.564356158250872888e-06
-3.248430878015936933e-03
-5.651529322533653917e-05
2.136202510389005787e-06
2.767358394868662651e-03
2.968855277237926579e-05
-1.521012755422689564e-05
4.443149587556862942e-03
1.020873106832349779e-05
1.504840131736294452e-05
-2.817136039448923327e-03
1.229900567653691317e-05
2.689604542722788511e-05
-6.456744016998585203e-03
3.456669084181028599e-05
1.827928448305632891e-04
-6.962364550495659602e-05
-2.765454822658638609e-02
1.987780975269919754e-04
-4.423821712243954010e-05
8.086430330913379409e-05
-3.342082515838548156e-06
-5.109994333328175473e-03
7.353434042105857485e-05
-2.470688034055548249e-05
-2.644027965120251532e-05
6.232977535052569205e-06
-9.343331734412679834e-03
-7.411036662430694306e-06
9.476361309634973761e-06
-2.387183433632376978e-05
1.079752961588390591e-05
-1.224460762837895761e-02
-1.515474332639869817e-05
8.322624715371666754e-06
3.232138705391165794e-06
-9.032561108687405863e-06
3.892276085379717254e-03
-7.514931078037163266e-07
-2.550547281925791198e-06
-6.635875380452533615e-06
-1.962539485288997723e-05
1.894541072117574736e-03
-2.714297057137011535e-05
-3.475176943294569785e-06
2.886516410844119224e-02
2.882360289615395159e-05
-6.041549893985082340e-05
3.225564187356181126e-05
-1.440947814191165062e-05
-2.007941792197782550e-05
4.491390897109032165e-02
-1.657965309073178642e-02
-1.510651093292152142e-05
4.457373944478672099e-05
3.427806301362979532e-05
8.276777821229024169e-06
8.300563932887044895e-06
-2.575717028050631199e-02
1.474677450429931480e-02
8.634053931484616260e-06
-5.457754701277864302e-05
-8.244686163011503803e-05
-1.078266710884262480e-05
-3.040229551625110599e-06
2.287520258815742627e-02
4.266965189255486641e-07
-1.077568254295896624e-05
-5.749980579849734100e-06
1.394118635269632807e-05
1.755683514655448753e-03
6.940069479885669279e-06
3.677285406108167093e-06
-2.526524059836605973e-06
2.289444607910373072e-05
-2.807487714761941699e+00
1.891701190751478467e+00
-3.524427027946244739e-01
1.605071941501901467e+00
1.362192028201062666e+00
9.458416900451750431e-01
4.257371784906393009e-01
1.670571250503907867e+00
4.256868600892243457e-05
-1.871600976044657326e-04
-2.468470186572305152e-05
9.455589892966988306e-05
-1.699467675705602877e-03
-7.244138269008103346e-05
2.080364256586422623e-07
3.428987865511717078e-03
-1.616821901091570888e-06
-8.934184264303813390e-06
-1.691192734676199433e-03
-1.241607958086455007e-05
-6.768804871368598123e-06
-3.062416564906048251e-03
-1.336704824492575891e-05
-2.065136831800950013e-05
6.353282260010750804e-03
-1.194044028994824745e-05
1.657956329739371747e-04
2.982304562908915952e-05
-9.350604661768513459e-02
-1.258137030347143031e-04
-4.504602723755262881e-05
1.454726450003334092e-05
1.641177345107467408e-05
-2.107437356412042093e-02
2.182288737418247126e-05
-1.756081856241518491e-05
8.055530375840160083e-06
-6.620744357079860656e-06
-4.335220715930646236e-03
-2.318701879871660839e-05
2.033137042093641580e-06
1.112886707422693460e-05
-9.101968225047859574e-06
-2.597876992632956999e-03
-2.178368098125909875e-05
2.574155721155137107e-07
2.049473083938095074e-05
-8.769208188701025104e-06
-3.389784044852913771e-04
-3.247059697024871878e-05
-2.154893712763813191e-06
-1.678755331732585015e-05
4.023432781347412786e-06
-5.964038949765228118e-04
3.230526266693032380e-05
1.081496541354235732e-06
-3.467105731411148500e-02
-8.243429313693335068e-05
-7.856743371269224745e-05
9.587682705007268859e-05
-5.217360870169789565e-05
5.964427876293152092e-05
-5.391939479292000292e-02
8.718503749632915481e-03
5.917601796024825572e-05
6.237199510256742098e-05
1.536297976038966011e-04
3.787502710874672432e-05
-4.949560530897761013e-05
1.347337720912305040e-02
-2.326272870291794682e-03
-6.666016500605592655e-05
-6.440257378293698680e-05
-3.179014800786083140e-04
-2.423797733183785693e-05
5.119126453841693386e-05
-3.486566765741906920e-03
-1.824739225028485510e-05
6.750050783296625864e-05
-9.987225633980559205e-06
-4.823335932157462105e-06
2.403350848390347402e-03
-6.301832946431798162e-06
5.524013421687802875e-06
9.684444047223246912e-05
1.010238291195772532e-05
-3.325508870895223623e+00
4.610029192465982639e+00
1.492328908693790313e+00
3.787625698405530650e-02
-2.043270438042104509e+00
2.509212540066476205e+00
1.331906119611478534e+00
3.618120647132851975e+00
-8.304935712887201796e-05
-5.928435537511807761e-04
1.882745993948308275e-04
-1.227654499866070797e-04
-1.323303220592752898e-03
2.589164836459319371e-04
-4.792936899541894505e-05
-3.159505148447072729e-03
5.975589871430195211e-05
2.635094831136774952e-05
2.727108065409386464e-03
-3.511583235773708180e-05
2.008988804724091403e-05
4.410573608559311548e-03
-4.519562152041909145e-05
1.034092494419463274e-06
-2.818796476258808581e-03
1.495556223018898153e-05
1.358490366402001952e-05
-6.486084497099805363e-03
1.001946404394912547e-05
7.984289362102328798e-05
2.301429215254765528e-04
-2.810105542287563360e-02
-4.055157697141791766e-04
-6.156984580187361373e-05
3.411233218651847394e-05
6.976655795964900608e-05
-5.257336422012190424e-03
-1.035490201450967799e-04
-1.436539193559488542e-05
-1.063196479331744052e-05
-1.110425983463663284e-05
-9.326984929356308893e-03
2.268446475687102079e-05
4.276162627129851723e-07
-9.704542986934555038e-06
-2.133304784193032841e-05
-1.219454472369839795e-02
4.231399967941206489e-05
1.191024193194028881e-06
9.965965131171231306e-07
5.503524696458836608e-06
3.871702047340205843e-03
-1.773125248030373708e-05
3.264580235035632591e-06
-4.121602395670433315e-06
-1.145519092603490828e-05
1.906823433151556921e-03
-4.988608356744827628e-06
1.489435628396324416e-05
2.882749135923556513e-02
9.346116751814079621e-06
2.816005162961602985e-05
-4.241713449659311342e-05
-1.061564775768383373e-04
2.356941872503133691e-05
4.496741338592047388e-02
-1.653554213634558095e-02
-5.382265729603101645e-06
-2.297381200673472135e-05
8.047438884675267795e-05
8.156690216563200610e-05
-6.724044022591187640e-06
-2.582290846543062665e-02
1.468575853658951082e-02
3.482594738659980637e-06
2.746690911708227857e-05
-1.355352447607179826e-04
-9.886501996319228250e-05
-3.843972216148756741e-07
2.296755026079805306e-02
6.781142262682665739e-06
-1.934047265783083934e-06
-1.670857285261452302e-06
-3.183594240196193758e-06
1.761600004538540652e-03
1.990124959564328484e-05
-4.002775179257663917e-06
-1.629161466042098409e-05
5.593588101398436717e-06
