487
418
389
336
181
412
182
485
91
464
106
475
471
423
383
260
46
254
151
26
25
486
467
438
65
24
476
445
228
112
396
96
42
4
261
127
38
285
490
424
35
319
232
162
239
36
493
363
19
37
85
44
175
211
57
366
262
473
236
271
359
333
378
252
289
306
339
447
279
283
178
141
387
129
78
441
126
330
171
117
298
375
59
416
501
71
408
41
331
381
488
28
54
384
75
103
394
165
27
216
2
185
251
88
448
257
140
334
166
265
284
499
370
361
275
350
469
348
347
100
415
194
338
47
196
148
72
20
268
157
407
502
109
84
48
411
92
392
99
492
89
374
144
489
80
125
200
393
386
459
204
221
168
345
231
264
420
0
82
340
427
406
133
195
404
341
401
442
206
102
146
380
124
245
188
355
455
201
451
453
316
209
249
305
463
244
376
64
400
509
29
156
294
248
288
362
332
229
270
76
308
263
217
369
123
450
12
147
110
50
131
290
205
234
313
62
207
322
226
390
219
269
342
58
87
139
73
337
191
477
436
214
116
190
8
56
183
419
457
130
159
225
255
241
287
1
51
371
105
352
9
104
402
107
74
213
177
237
272
364
433
508
395
43
174
326
93
462
97
17
61
115
417
230
483
422
40
86
224
114
435
164
346
478
222
95
413
122
460
113
256
373
67
456
13
409
354
153
135
385
414
94
186
90
163
510
152
233
128
507
328
31
480
11
250
377
311
318
180
238
170
321
30
446
323
301
315
360
391
161
296
506
5
358
280
155
351
439
437
434
121
405
220
138
432
317
52
286
458
329
430
266
235
192
382
70
184
160
173
466
353
79
134
312
149
425
101
16
274
307
55
39
3
158
461
120
258
142
494
169
300
491
193
23
314
505
22
60
212
452
150
10
479
210
34
176
45
247
484
246
