0 0
17117 0
9884 0
5634 0
79 0
5842 0
1302 0
17670 0
5616 0
11936 0
11854 0
10733 0
13817 0
4753 0
9538 0
16988 0
5753 0
16976 0
13677 0
16513 0
13638 0
16676 0
12369 0
9529 0
15025 0
16495 0
16588 0
5628 0
2922 0
16997 0
9912 0
6415 0
316 0
18235 0
14005 0
12410 0
17059 0
8738 0
12802 0
17487 0
1402 0
17109 0
17142 0
9385 0
2047 0
7357 0
17411 0
5857 0
991 0
17663 0
5437 0
13897 0
16915 0
4254 0
7036 0
13498 0
10242 0
3282 0
16363 0
15582 0
7345 0
7558 0
2947 0
2188 0
5594 0
7306 0
15795 0
16983 0
8074 0
3627 0
3693 0
10687 0
3405 0
12039 0
14220 0
12292 0
6103 0
13602 0
3863 0
10613 0
8286 0
2586 0
13535 0
13906 0
13482 0
8981 0
4871 0
16924 0
9423 0
3797 0
3800 0
2953 0
6444 0
3396 0
5614 0
6787 0
98 0
17429 0
15042 0
10740 0
2683 0
2561 0
3803 0
2921 0
16079 0
4125 0
18145 0
3516 0
11516 0
9978 0
11596 0
755 0
12120 0
5925 0
8392 0
8315 0
10393 0
2796 0
8810 0
5239 0
6253 0
10489 0
10910 0
2221 0
1218 0
13788 0
1634 0
17650 0
5953 0
5582 0
6419 0
7473 0
5610 0
11505 0
9375 0
4865 0
9032 0
6347 0
11126 0
9837 0
10713 0
5596 0
10251 0
97 0
13639 0
7002 0
1348 0
8606 0
3432 0
9759 0
9800 0
323 0
16659 0
11746 0
18163 0
5103 0
7295 0
14291 0
17435 0
7370 0
10803 0
17273 0
12185 0
7769 0
15023 0
17424 0
9879 0
12128 0
17644 0
13690 0
2570 0
2806 0
7399 0
12844 0
10255 0
1037 0
16956 0
8573 0
1637 0
13885 0
17673 0
5134 0
11642 0
13276 0
8806 0
15587 0
11084 0
978 0
13841 0
17807 0
5124 0
6735 0
14066 0
14089 0
5171 0
7290 0
13800 0
5664 0
10928 0
17133 0
