0.3779644730092272
-0.3779644730092272
0.3779644730092272
-0.3779644730092272
0.3779644730092272
-0.3779644730092272
0.3779644730092272
-0.3779644730092272
0.3086066999241838
-0.21821789023599236
-0.23904572186687872
0.2760262237369417
-0.09759000729485333
0.1690308509457033
-0.2927700218845599
0.1690308509457033
-0.09759000729485333
0.2760262237369417
-0.23904572186687872
-0.21821789023599236
0.3086066999241838
-0.3779644730092272
-0.0629940788348712
-0.16666666666666666
-0.3333333333333333
0.10910894511799618
0.21821789023599236
0.28867513459481287
-0.1543033499620919
-0.24397501823713327
-0.24397501823713327
0.19920476822239894
0.2519763153394848
0.19920476822239894
-0.24397501823713327
-0.24397501823713327
-0.1543033499620919
0.28867513459481287
0.21821789023599236
0.10910894511799618
-0.3333333333333333
-0.16666666666666666
-0.0629940788348712
0.3779644730092272
-0.21821789023599236
0.3086066999241838
0.09759000729485333
-0.2760262237369417
0.23904572186687872
0.1690308509457033
-0.2927700218845599
0.1690308509457033
0.23904572186687872
-0.2760262237369417
0.09759000729485333
0.3086066999241838
-0.21821789023599236
0.3779644730092272
0.1543033499620919
0.24397501823713327
0.24397501823713327
-0.21821789023599236
-0.1889822365046136
0.0
0.24397501823713327
0.23904572186687872
0.06900655593423542
-0.14638501094227996
-0.1889822365046136
0.1543033499620919
-0.21821789023599236
0.06900655593423542
0.19518001458970666
0.06900655593423542
-0.21821789023599236
0.1543033499620919
-0.1889822365046136
-0.14638501094227996
0.06900655593423542
0.23904572186687872
0.24397501823713327
0.0
-0.1889822365046136
-0.21821789023599236
0.24397501823713327
0.24397501823713327
0.1543033499620919
0.020806259464411975
0.05504818825631803
0.11009637651263605
0.19069251784911845
0.30151134457776363
-0.046524210519923545
-0.10192943828752511
-0.1651445647689541
-0.2201927530252721
-0.23354968324845687
0.08058229640253803
0.14712247158412492
0.1973855084879307
0.21320071635561044
0.17407765595569785
-0.12309149097933274
-0.18609684207969418
-0.20806259464411975
-0.18609684207969418
-0.12309149097933274
0.17407765595569785
0.21320071635561044
0.1973855084879307
0.14712247158412492
0.08058229640253803
-0.23354968324845687
-0.2201927530252721
-0.1651445647689541
-0.10192943828752511
-0.046524210519923545
0.30151134457776363
0.19069251784911845
0.11009637651263605
0.05504818825631803
0.020806259464411975
-0.3779644730092272
-0.3779644730092272
-0.3779644730092272
-0.3779644730092272
-0.3779644730092272
-0.3779644730092272
-0.3779644730092272
-0.24397501823713327
-0.24397501823713327
-0.1543033499620919
0.24397501823713327
0.0
-0.1889822365046136
-0.21821789023599236
-0.1543033499620919
0.1889822365046136
0.14638501094227996
-0.06900655593423542
-0.23904572186687872
-0.21821789023599236
0.06900655593423542
0.19518001458970666
0.06900655593423542
-0.21821789023599236
-0.23904572186687872
-0.06900655593423542
0.14638501094227996
0.1889822365046136
-0.1543033499620919
-0.21821789023599236
-0.1889822365046136
0.0
0.24397501823713327
-0.1543033499620919
-0.24397501823713327
-0.24397501823713327
-0.08058229640253803
-0.14712247158412492
-0.1973855084879307
-0.21320071635561044
-0.17407765595569785
0.14712247158412492
0.18802535827258873
0.15194743527951726
0.046524210519923545
-0.10050378152592121
-0.22473328748774737
-0.1973855084879307
-0.15194743527951726
-0.026860765467512676
0.10403129732205987
0.1698823971458752
0.10050378152592121
-0.17407765595569785
0.21320071635561044
0.046524210519923545
-0.10403129732205987
-0.16116459280507606
-0.10403129732205987
0.046524210519923545
0.21320071635561044
-0.17407765595569785
0.10050378152592121
0.1698823971458752
0.10403129732205987
-0.026860765467512676
-0.15194743527951726
-0.1973855084879307
-0.22473328748774737
-0.10050378152592121
0.046524210519923545
0.15194743527951726
0.18802535827258873
0.14712247158412492
-0.17407765595569785
-0.21320071635561044
-0.1973855084879307
-0.14712247158412492
-0.08058229640253803
-0.009124148357522649
-0.02414022747926338
-0.04828045495852676
-0.08362420100070908
-0.13222147133698628
-0.19611613513818404
-0.2773500981126146
0.02414022747926338
0.054744890145135894
0.09349469900084571
0.13655774839978377
0.1773937187967248
0.20483662259967567
0.19611613513818404
-0.04828045495852676
-0.09349469900084571
-0.13686222536283973
-0.17069718549972973
-0.18698939800169143
-0.1773937187967248
-0.13222147133698628
0.08362420100070908
0.13655774839978377
0.17069718549972973
0.18248296715045298
0.17069718549972973
0.13655774839978377
0.08362420100070908
-0.13222147133698628
-0.1773937187967248
-0.18698939800169143
-0.17069718549972973
-0.13686222536283973
-0.09349469900084571
-0.04828045495852676
0.19611613513818404
0.20483662259967567
0.1773937187967248
0.13655774839978377
0.09349469900084571
0.054744890145135894
0.02414022747926338
-0.2773500981126146
-0.19611613513818404
-0.13222147133698628
-0.08362420100070908
-0.04828045495852676
-0.02414022747926338
-0.009124148357522649
0.3333333333333333
0.16666666666666666
0.0629940788348712
0.28867513459481287
0.21821789023599236
0.10910894511799618
0.24397501823713327
0.24397501823713327
0.1543033499620919
0.19920476822239894
0.2519763153394848
0.19920476822239894
0.1543033499620919
0.24397501823713327
0.24397501823713327
0.10910894511799618
0.21821789023599236
0.28867513459481287
0.0629940788348712
0.16666666666666666
0.3333333333333333
0.17407765595569785
0.21320071635561044
0.1973855084879307
0.14712247158412492
0.08058229640253803
-0.22473328748774737
-0.10050378152592121
0.046524210519923545
0.15194743527951726
0.18802535827258873
0.14712247158412492
0.17407765595569785
-0.10050378152592121
-0.1698823971458752
-0.10403129732205987
0.026860765467512676
0.15194743527951726
0.1973855084879307
0.21320071635561044
0.046524210519923545
-0.10403129732205987
-0.16116459280507606
-0.10403129732205987
0.046524210519923545
0.21320071635561044
0.1973855084879307
0.15194743527951726
0.026860765467512676
-0.10403129732205987
-0.1698823971458752
-0.10050378152592121
0.17407765595569785
0.14712247158412492
0.18802535827258873
0.15194743527951726
0.046524210519923545
-0.10050378152592121
-0.22473328748774737
0.08058229640253803
0.14712247158412492
0.1973855084879307
0.21320071635561044
0.17407765595569785
0.04828045495852676
0.09349469900084571
0.13686222536283973
0.17069718549972973
0.18698939800169143
0.1773937187967248
0.13222147133698628
-0.10429770312912398
-0.15331103516796663
-0.16321772771370957
-0.1316957377585446
-0.062329799333897144
0.03413943709994594
0.13655774839978377
0.20197163363339118
0.16157730690671296
0.16325172786566963
0.10130133395943146
0.009124148357522649
-0.08194819531574027
-0.14103623609278537
-0.13740858372430334
-0.04039432672667824
0.18064892093237822
-0.19789097796726146
-0.09894548898363073
0.021591675854376526
0.10964174397241236
0.1413506985480439
0.10964174397241236
0.021591675854376526
-0.09894548898363073
-0.19789097796726146
0.18064892093237822
-0.04039432672667824
-0.13740858372430334
-0.14103623609278537
-0.08194819531574027
0.009124148357522649
0.10130133395943146
0.16325172786566963
0.16157730690671296
0.20197163363339118
0.13655774839978377
0.03413943709994594
-0.062329799333897144
-0.1316957377585446
-0.16321772771370957
-0.15331103516796663
-0.10429770312912398
0.13222147133698628
0.1773937187967248
0.18698939800169143
0.17069718549972973
0.13686222536283973
0.09349469900084571
0.04828045495852676
-0.30151134457776363
-0.19069251784911845
-0.11009637651263605
-0.05504818825631803
-0.020806259464411975
-0.23354968324845687
-0.2201927530252721
-0.1651445647689541
-0.10192943828752511
-0.046524210519923545
-0.17407765595569785
-0.21320071635561044
-0.1973855084879307
-0.14712247158412492
-0.08058229640253803
-0.12309149097933274
-0.18609684207969418
-0.20806259464411975
-0.18609684207969418
-0.12309149097933274
-0.08058229640253803
-0.14712247158412492
-0.1973855084879307
-0.21320071635561044
-0.17407765595569785
-0.046524210519923545
-0.10192943828752511
-0.1651445647689541
-0.2201927530252721
-0.23354968324845687
-0.020806259464411975
-0.05504818825631803
-0.11009637651263605
-0.19069251784911845
-0.30151134457776363
-0.13222147133698628
-0.1773937187967248
-0.18698939800169143
-0.17069718549972973
-0.13686222536283973
-0.09349469900084571
-0.04828045495852676
0.20197163363339118
0.13655774839978377
0.03413943709994594
-0.062329799333897144
-0.1316957377585446
-0.16321772771370957
-0.15331103516796663
-0.10429770312912398
-0.18064892093237822
0.04039432672667824
0.13740858372430334
0.14103623609278537
0.08194819531574027
-0.009124148357522649
-0.10130133395943146
-0.16325172786566963
-0.16157730690671296
-0.19789097796726146
-0.09894548898363073
0.021591675854376526
0.10964174397241236
0.1413506985480439
0.10964174397241236
0.021591675854376526
-0.09894548898363073
-0.19789097796726146
-0.16157730690671296
-0.16325172786566963
-0.10130133395943146
-0.009124148357522649
0.08194819531574027
0.14103623609278537
0.13740858372430334
0.04039432672667824
-0.18064892093237822
-0.10429770312912398
-0.15331103516796663
-0.16321772771370957
-0.1316957377585446
-0.062329799333897144
0.03413943709994594
0.13655774839978377
0.20197163363339118
-0.04828045495852676
-0.09349469900084571
-0.13686222536283973
-0.17069718549972973
-0.18698939800169143
-0.1773937187967248
-0.13222147133698628
-0.0316069770620507
-0.0632139541241014
-0.09656090991705352
-0.12773807700531709
-0.15267620413811483
-0.16724840200141816
-0.16724840200141816
-0.14824986333222023
-0.10482848367219184
0.07742096611387637
0.12241329578528218
0.14598637372036238
0.14484136487558028
0.11826247919781652
0.06827887419989188
0.0
-0.07742096611387637
-0.14824986333222023
-0.18156825980064073
-0.13409704688030227
-0.15484193222775275
-0.12773807700531709
-0.07067534927402196
0.0
0.06827887419989188
0.11826247919781652
0.13409704688030227
0.09995003746877731
0.0
-0.18156825980064073
0.18156825980064073
0.12241329578528218
0.0316069770620507
-0.051613977409250916
-0.10795837927188262
-0.12773807700531709
-0.10795837927188262
-0.051613977409250916
0.0316069770620507
0.12241329578528218
0.18156825980064073
-0.18156825980064073
0.0
0.09995003746877731
0.13409704688030227
0.11826247919781652
0.06827887419989188
0.0
-0.07067534927402196
-0.12773807700531709
-0.15484193222775275
-0.13409704688030227
-0.18156825980064073
-0.14824986333222023
-0.07742096611387637
0.0
0.06827887419989188
0.11826247919781652
0.14484136487558028
0.14598637372036238
0.12241329578528218
0.07742096611387637
-0.10482848367219184
-0.14824986333222023
-0.16724840200141816
-0.16724840200141816
-0.15267620413811483
-0.12773807700531709
-0.09656090991705352
-0.0632139541241014
-0.0316069770620507
0.2773500981126146
0.19611613513818404
0.13222147133698628
0.08362420100070908
0.04828045495852676
0.02414022747926338
0.009124148357522649
0.19611613513818404
0.20483662259967567
0.1773937187967248
0.13655774839978377
0.09349469900084571
0.054744890145135894
0.02414022747926338
0.13222147133698628
0.1773937187967248
0.18698939800169143
0.17069718549972973
0.13686222536283973
0.09349469900084571
0.04828045495852676
0.08362420100070908
0.13655774839978377
0.17069718549972973
0.18248296715045298
0.17069718549972973
0.13655774839978377
0.08362420100070908
0.04828045495852676
0.09349469900084571
0.13686222536283973
0.17069718549972973
0.18698939800169143
0.1773937187967248
0.13222147133698628
0.02414022747926338
0.054744890145135894
0.09349469900084571
0.13655774839978377
0.1773937187967248
0.20483662259967567
0.19611613513818404
0.009124148357522649
0.02414022747926338
0.04828045495852676
0.08362420100070908
0.13222147133698628
0.19611613513818404
0.2773500981126146
0.10482848367219184
0.14824986333222023
0.16724840200141816
0.16724840200141816
0.15267620413811483
0.12773807700531709
0.09656090991705352
0.0632139541241014
0.0316069770620507
-0.18156825980064073
-0.14824986333222023
-0.07742096611387637
0.0
0.06827887419989188
0.11826247919781652
0.14484136487558028
0.14598637372036238
0.12241329578528218
0.07742096611387637
0.18156825980064073
0.0
-0.09995003746877731
-0.13409704688030227
-0.11826247919781652
-0.06827887419989188
0.0
0.07067534927402196
0.12773807700531709
0.15484193222775275
0.13409704688030227
0.18156825980064073
0.12241329578528218
0.0316069770620507
-0.051613977409250916
-0.10795837927188262
-0.12773807700531709
-0.10795837927188262
-0.051613977409250916
0.0316069770620507
0.12241329578528218
0.18156825980064073
0.13409704688030227
0.15484193222775275
0.12773807700531709
0.07067534927402196
0.0
-0.06827887419989188
-0.11826247919781652
-0.13409704688030227
-0.09995003746877731
0.0
0.18156825980064073
0.07742096611387637
0.12241329578528218
0.14598637372036238
0.14484136487558028
0.11826247919781652
0.06827887419989188
0.0
-0.07742096611387637
-0.14824986333222023
-0.18156825980064073
0.0316069770620507
0.0632139541241014
0.09656090991705352
0.12773807700531709
0.15267620413811483
0.16724840200141816
0.16724840200141816
0.14824986333222023
0.10482848367219184
