0 0
9866 0
15036 0
15329 1
15689 1
16922 0
6760 0
13457 1
10755 1
18097 1
9869 1
16881 1
9912 0
7470 0
13700 0
12778 0
6619 1
11139 1
15013 1
13450 0
9712 0
6757 1
2926 0
10754 0
13475 1
5837 1
6622 0
18162 0
8648 0
9759 1
7065 1
15029 1
9899 1
3570 0
16956 0
928 0
8641 1
9921 1
15325 1
10747 1
13448 0
5634 0
10522 0
9092 0
8747 1
10204 0
5838 0
15650 0
10758 0
12439 1
14028 0
17698 0
961 1
7337 1
9484 0
10353 1
7349 1
17235 1
8074 0
1890 0
17181 1
12158 0
4661 1
5607 1
9872 0
5596 0
1650 0
13532 0
6578 0
13352 0
16918 0
8491 1
14005 1
2872 0
12455 1
12977 1
15034 0
6608 0
5581 1
2195 1
17000 0
220 0
3814 0
1723 1
5641 1
1241 1
12448 0
9488 0
17843 1
6456 0
3157 1
16659 1
16902 0
16628 0
14026 0
6604 0
4971 1
13499 1
16983 1
5649 1
14821 1
17462 0
17701 1
2987 1
8738 0
17663 1
4102 0
6614 0
12297 1
10743 1
13463 1
10730 0
13680 0
12524 0
9170 0
962 0
7476 0
16692 0
3516 0
8214 0
17074 0
17696 0
10746 0
2843 1
8981 1
10733 1
16076 0
16957 1
120 0
16988 0
14047 1
6621 1
15786 0
3931 1
10672 0
10205 1
3532 0
7615 1
8489 1
14956 0
13010 0
7477 1
12224 0
9922 0
8318 0
9736 0
5764 0
9130 0
14285 1
9529 1
18229 1
13969 1
12065 1
7351 1
7841 1
15058 0
9095 1
9881 1
16706 0
13885 1
6985 1
2031 1
11590 0
12438 0
3627 1
15038 0
12262 0
9231 1
6419 1
1233 1
10738 0
9900 0
12444 0
7473 1
3386 0
2568 0
13498 0
14487 1
5946 0
16997 1
16667 1
5237 1
13009 1
3099 1
9864 0
15026 0
15580 0
11865 1
4277 1
8743 1
9700 0
3577 1
15435 1
2986 0
2707 1
7220 0
9084 0
17806 0
5753 1
9669 1
