-3.152550252290864830e+00
2.391856153671871432e+00
-5.176895975817535911e-01
2.298014459161032530e+00
2.110079550360393519e+00
1.710749971521520862e+00
8.073933028265183331e-01
2.649043500423605479e+00
7.806533859034948909e-05
8.931492334168127708e-05
-8.926970351032898713e-05
2.391451561142331553e-04
-3.205683299266365999e-04
-2.030911936338074177e-04
-1.353790790849474456e-04
8.427152806949335081e-04
4.929810495698787212e-05
2.321423468503692211e-05
-2.901065559977559095e-04
8.617362158462435115e-06
2.165972620322635493e-05
-2.053031712185772353e-04
-4.314699797871785329e-06
-6.684254849129500696e-05
-3.132749807527582990e-04
5.896526218825702862e-05
2.328477828187464592e-05
6.934107163275509225e-05
-6.904800939406863236e-02
-3.842273862662609531e-05
-4.145920932703881347e-05
1.228370451250019235e-04
-3.398436507143361932e-07
-1.871565783281532724e-02
-6.075126756982727181e-05
5.802315804715951699e-06
-2.224729593947539491e-05
-4.620990484586759639e-05
-5.765078417253775671e-03
3.126550346175193621e-05
5.726919979689525217e-05
-2.596541450904402162e-05
-4.433995235539157307e-05
-4.719260983544228995e-03
2.174994346547974371e-05
5.764694988272504471e-05
-5.331422042738665520e-05
-8.658372942457517852e-05
-1.438147401179235962e-03
3.413308263601823355e-05
7.000719505356498376e-05
5.445884348125875577e-05
1.259059000449437615e-04
-2.627333933747806431e-03
-4.868575982047238112e-05
-6.138212986746930679e-05
-3.760855721612656188e-02
4.963729700110724660e-05
7.473273126483762595e-05
-1.461662625042159380e-04
2.759453381235546423e-05
-1.288144871767833884e-04
5.832360497612455730e-02
1.705088260987931703e-02
-9.924177326004596754e-06
-4.049357036661695337e-05
1.300645728785059657e-04
-1.380970365274104394e-05
1.120151699294820024e-04
-2.641818010009543485e-02
-1.176963622968731776e-02
1.342000702954604342e-05
3.261369570045397244e-05
-1.372305286327993312e-04
-1.000642109375948340e-07
-1.153185731939750005e-04
1.822808895057908760e-02
4.467892946008079490e-06
-9.965867970591440984e-06
1.505562407733238451e-05
-9.999799001059173336e-07
1.875739677033157367e-03
-7.417537296110815102e-06
2.455282000763252021e-06
3.634953348327419926e-05
-7.753352209131399294e-06
-3.152550252358387262e+00
2.391856153499875681e+00
-5.176895976136811628e-01
2.298014459145721666e+00
2.110079550591994479e+00
1.710749971682104187e+00
8.073933027617834490e-01
2.649043500399650419e+00
1.163485816349082102e-04
8.931469487570835742e-05
2.298996059475142675e-05
2.954735212815061147e-04
-3.205682527417600541e-04
1.056154830383654753e-04
-1.103863726328940744e-04
8.427142329222141182e-04
-9.260101738844711723e-05
4.143990623821438175e-06
-2.901066139194724319e-04
2.441219606337616610e-05
1.456471318999784204e-05
-2.053035189617951641e-04
1.659553171633733091e-05
-8.448205969943324469e-05
-3.132742835863008683e-04
-2.839099004077378665e-05
2.423940855497539642e-05
6.794574315539418435e-05
-6.904801337239249714e-02
4.084083107987570346e-05
4.091300929406704130e-05
-6.644867982031835022e-05
5.244153127577380288e-05
-1.871565946338098890e-02
-3.067063796234921068e-05
1.034825988707761401e-04
-3.847177972111757863e-05
-5.018170232534234618e-05
-5.765078432100805526e-03
-2.438617584761863192e-05
-4.790180137895707767e-05
-3.693999836417170878e-05
-4.100613953066375652e-05
-4.719261151678045760e-03
-2.752453499928899332e-05
-5.131043853766827805e-05
-3.397295488431906213e-05
-7.285231781763029939e-05
-1.438148043443869366e-03
-5.791673311566860097e-05
-8.117251626802327404e-05
2.593649216613686564e-05
1.051164053334866113e-04
-2.627332906490865462e-03
8.469384311576920021e-05
7.784697999200417213e-05
3.760855836435120225e-02
8.673733577225709165e-05
1.346866043297218624e-05
-1.461659663898814965e-04
7.851779767547662284e-05
1.073942352230691268e-04
-5.832360765459362884e-02
-1.705088312547875518e-02
-9.204537120001635305e-05
-8.287719026521100235e-06
1.300644208915742450e-04
-4.197439292370617374e-05
-6.460248282068672705e-05
2.641818127238112351e-02
1.176963656040981056e-02
9.315835665342573745e-05
1.639406803945436635e-05
-1.372304601473806063e-04
2.819522536844068961e-05
6.928187994863969999e-05
-1.822808966330503877e-02
-8.950680653858309214e-06
9.965888874327336554e-06
-9.654685189634179950e-06
5.923717148897033810e-06
1.875739785669614836e-03
-4.574636014850202320e-06
1.181115031413396891e-05
-3.634966148812667159e-05
1.586275991089609524e-08
-3.152529092276636469e+00
2.391789209140054773e+00
-5.176582954041502038e-01
2.298032951422742887e+00
2.110272124872439203e+00
1.710840188974672271e+00
8.073832475118828400e-01
2.649026928867360464e+00
1.062356250145015410e-04
1.081449801082819823e-04
-8.255906442414315120e-05
1.301272739677461227e-04
-2.655083313507257403e-04
-1.491574803076451598e-04
1.940028394095276215e-04
8.310955393867444814e-04
-4.895297741841765459e-05
-7.183744468379778367e-05
-2.973873956153635792e-04
1.673956258504154433e-05
-4.081895602276143173e-05
-2.509037000716490546e-04
7.426417147394131422e-06
-1.076236564042276536e-04
-1.770623762011114342e-04
2.670524350337924341e-05
-8.380142795940839588e-05
7.950516402288197899e-05
-6.899325846176150578e-02
8.681678681453342504e-06
-1.259683463495396083e-04
1.451991581823931993e-05
1.634743183728025549e-04
-1.878421346287559648e-02
-1.567989638900983652e-05
-1.849081343509077443e-04
-4.476860812248467806e-06
-5.670028916087098403e-05
-5.833699983154991796e-03
1.128337774727975222e-05
9.058035840542705784e-05
-1.537558060121468987e-05
-5.260194069867476542e-05
-4.787563459230454767e-03
1.265898032610027202e-05
6.633824648521549909e-05
-1.771590238591980466e-05
2.320764144493850270e-05
-1.566329662161115421e-03
1.501675727448614669e-05
9.947661435151167381e-05
-1.221008364356317554e-05
-1.909425860596605882e-04
-2.464961985362594792e-03
-2.759065743569773135e-06
-1.507000159023829300e-04
-3.730686363688250073e-02
9.736611489269427866e-05
2.989713663901810876e-05
2.744850936976794831e-05
8.817155927769382501e-05
1.907359366594418848e-05
5.830403222923485895e-02
1.687255290684029976e-02
-4.743310038066050107e-05
-5.197562614512891283e-09
2.411792152578161319e-05
-5.541199719604044527e-05
9.396498919537685235e-06
-2.638259609636640565e-02
-1.158925069435712968e-02
2.684698339501102223e-05
-3.136973581701387728e-05
-4.582907647300397957e-05
4.011140094388078036e-05
-2.356467667346455550e-05
1.813703602778063764e-02
2.064128837276716093e-06
-1.585214173733759209e-05
9.160565676677559881e-07
-1.731939052915300336e-05
1.926700023001303276e-03
-2.330778890462652003e-05
-6.847663578646388111e-06
1.875948677330037981e-05
-1.010091877682584829e-05
-3.152685155825852625e+00
2.392327203824420323e+00
-5.178586206195867625e-01
2.298573179040739767e+00
2.110347492309273765e+00
1.710846272641542098e+00
8.073879848402405468e-01
2.649003367137918286e+00
9.776768201859774350e-09
-1.476956886063366531e-04
8.037132295905659709e-09
2.919767151535046441e-08
-8.550485689674683712e-04
2.386340932065046120e-08
-4.553017443237707579e-09
9.487648211606170955e-04
-3.227830144899811609e-09
-3.013890755292919311e-10
-3.342869099699584791e-04
-1.538399742765128884e-10
-2.506662699032604972e-09
-2.645289029118262918e-04
-1.871359739161656293e-09
6.811475293403196447e-09
-2.434551586630362202e-04
5.519223886773713597e-09
-1.814772983331268218e-08
-9.656121107806523530e-10
-6.896888276188478661e-02
7.864972293259520145e-10
2.550074654294956968e-09
-3.495898046198521192e-09
-5.141622379819216294e-10
-1.861630519217192387e-02
7.796284437665447966e-10
8.916060458209015320e-10
6.574456088332605320e-10
2.134869573288739823e-10
-5.793773059582668986e-03
-1.035519145024160109e-10
-1.886811240660186716e-10
4.924127807636606229e-10
8.068980671704882855e-11
-4.778549336216135653e-03
4.034684986781139316e-11
-1.157459171809356029e-10
-2.063420055355998509e-09
-5.681080710834617431e-10
-1.555042261823451778e-03
5.666748605583057682e-10
4.235640505342894841e-10
6.315992660797809997e-09
1.430648873297189845e-09
-2.540245682301514769e-03
-1.201007705390247253e-09
-1.299664367795369554e-09
3.753062882636007402e-02
-8.769664582806224519e-11
-8.915188917489369787e-10
-3.951927056361492774e-05
-1.228359357767355701e-10
-4.388665195824474597e-11
-5.896123125597222542e-02
-1.692850659238426952e-02
1.224142240699850141e-10
-3.472001325519127399e-10
1.381531049927248178e-05
-4.112210793364878308e-10
-6.710472895926036205e-11
2.671352926524419441e-02
1.156045118242208375e-02
9.101368922519085623e-12
8.405545626211136805e-10
3.890290112809613454e-05
3.654187283606261441e-10
1.616190147694157141e-10
-1.831189499496871376e-02
1.431440955584975083e-09
4.451772485829473276e-05
-4.281505938688683336e-10
1.336665322789976327e-11
1.870328377721481574e-03
2.288638657899756056e-11
2.965684087898220618e-11
-2.686652433862829871e-06
4.893334192867069574e-09
-3.152529092438674851e+00
2.391789209383236248e+00
-5.176582955280789600e-01
2.298032952238493021e+00
2.110272126084177913e+00
1.710840189487449869e+00
8.073832474487750988e-01
2.649026928690684013e+00
1.836042928320879026e-05
1.081444781634729145e-04
1.332771004317972693e-04
6.405019208026145757e-05
-2.655096787279960426e-04
1.872569993865428250e-04
-5.459701245167165775e-05
8.310958921436088906e-04
1.924914196086207013e-04
2.142212659482913511e-05
-2.973874777870609771e-04
-7.058268705098897321e-05
1.398272844172719654e-05
-2.509037999955328379e-04
-3.906247301446940333e-05
3.067088454421524756e-05
-1.770621167810944720e-04
-1.065592902963988925e-04
-6.722061353373954325e-05
-4.727324676572625377e-05
-6.899325650211377003e-02
6.451292930025211538e-05
1.355472670965342024e-04
-1.674029334407298565e-04
-6.815994892679801522e-05
-1.878421242174426603e-02
1.494125818530772198e-04
7.987645374123842181e-05
8.068501530213005070e-05
1.857895709868986379e-05
-5.833700272228395899e-03
-5.474518072191120969e-05
-4.141209776456147721e-05
6.513967921178227729e-05
1.533824633811441140e-05
-4.787563832890659975e-03
-5.188367163226103494e-05
-1.985273643589996893e-05
9.500437204856135233e-05
-2.460926961500096012e-05
-1.566330038058423709e-03
1.259141072871383215e-05
-3.439683800082872316e-05
-1.243951637515845754e-04
9.786256351733116550e-05
-2.464962136256155893e-03
-1.639840550930866351e-04
8.592801777435775867e-05
-3.730686239744154808e-02
-3.216492510354574189e-05
-9.130840245380778832e-05
2.744849338251476034e-05
-1.819405872407370858e-05
-9.385939256007901771e-05
5.830403189319686291e-02
1.687255212550417202e-02
3.185410823203823748e-05
4.799258723242742265e-05
2.411752357162587346e-05
2.770209471305344699e-05
3.638075724019299538e-05
-2.638259589355277518e-02
-1.158924970026618644e-02
-3.383080490141330849e-05
-1.905405502364194449e-05
-4.582829122037196390e-05
-4.722373830288583308e-05
-1.146847695955458078e-05
1.813703540706871134e-02
7.721880153159111780e-06
-1.585212505362925946e-05
-6.388937620524482407e-06
2.884489821751463217e-05
1.926699943133912581e-03
-3.345075270140424333e-06
2.630195742366021406e-06
1.875933567397409152e-05
6.843915045205611392e-06
-3.152529092468005167e+00
2.391789209833731888e+00
-5.176582956500838106e-01
2.298032952609991852e+00
2.110272126025434236e+00
1.710840189426669378e+00
8.073832474709619067e-01
2.649026928701094796e+00
-1.835997648840987482e-05
1.081441401601763389e-04
-1.332774936682108345e-04
-6.404908622407277257e-05
-2.655104701754082072e-04
-1.872579332943082910e-04
5.459655286701927280e-05
8.310960720426718764e-04
-1.924914281578214096e-04
-2.142215574377041176e-05
-2.973874810755385944e-04
7.058277094822504186e-05
-1.398283641863200681e-05
-2.509037359249966350e-04
3.906258186340861053e-05
-3.067080948155547859e-05
-1.770622806788716851e-04
1.065592866671362306e-04
-6.721946168654899852e-05
4.727215127484183255e-05
-6.899325676551074094e-02
-6.451268122065065757e-05
1.355460505338934281e-04
-1.674020999514281910e-04
6.815808070903867544e-05
-1.878421236570457925e-02
-1.494124086101266628e-04
7.987644902749876930e-05
8.068501794588508439e-05
-1.857860490476390374e-05
-5.833700290120350310e-03
5.474524569284367945e-05
-4.141221603906272697e-05
6.513972597054220009e-05
-1.533826814945912038e-05
-4.787563776466051933e-03
5.188375022769424293e-05
-1.985283058633346807e-05
9.500474774465445730e-05
2.460800155013909851e-05
-1.566329819386629713e-03
-1.259117919125360700e-05
-3.439690236515446844e-05
-1.243959566757881939e-04
-9.785982054152621767e-05
-2.464962374495414076e-03
1.639836282213809001e-04
8.592799048440770090e-05
3.730686265921465128e-02
-3.216519696743781742e-05
9.130757230226292437e-05
2.744817291186474328e-05
1.819403150923130908e-05
-9.385904963921088383e-05
-5.830403167686201704e-02
-1.687255216852522749e-02
3.185402614485938633e-05
-4.799219428070961350e-05
2.411765354633395309e-05
-2.770194260326265339e-05
3.638059490710526811e-05
2.638259564780762872e-02
1.158924970211749200e-02
-3.383050745898921047e-05
1.905396944166235819e-05
-4.582840656489756137e-05
4.722340389929209582e-05
-1.146837464686164924e-05
-1.813703513301705844e-02
7.721687029522576523e-06
1.585209609870881777e-05
-6.389215695257102062e-06
-2.884495868670034825e-05
1.926700036152273606e-03
3.345026323025630409e-06
2.630296687670193208e-06
-1.875932512483094883e-05
6.843968186308932011e-06
-3.152685155960359698e+00
2.392327204436792698e+00
-5.178586208296709348e-01
2.298573179507611197e+00
2.110347492152059523e+00
1.710846272553855130e+00
8.073879848514231572e-01
2.649003367151606447e+00
-9.208825569707382633e-09
-1.476956576991043674e-04
-7.889560166135578370e-09
-2.746370995291895459e-08
-8.550485548866125322e-04
-2.362100096799410624e-08
4.098370863876419284e-09
9.487649010655487252e-04
3.564287198488119229e-09
2.126995998474691113e-10
-3.342869819235040857e-04
2.778063414230672330e-10
2.260179298089143850e-09
-2.645288828122403422e-04
2.024492081525809569e-09
-6.446278296990696739e-09
-2.434554243357268813e-04
-5.447750339550211645e-09
-1.695456157252941904e-08
2.606891841855607038e-10
-6.896888268228038021e-02
-4.383066795707908752e-10
2.214128782366447129e-09
-2.995596791153117739e-09
1.491451385311259711e-10
-1.861630496790468367e-02
-2.650227160254920751e-10
1.118898977512776402e-10
6.999261390460352967e-10
-1.929888132175916474e-10
-5.793773168927027206e-03
1.033196484728033991e-10
-1.406046661349467135e-10
6.053447557770504547e-10
-1.489384005977397992e-10
-4.778549353974086145e-03
6.129706694178921067e-11
-1.959590820930019724e-10
-1.715696474394360993e-09
-3.242341186421184799e-12
-1.555042200944412988e-03
-1.012834620250294318e-10
-7.619384178718395947e-12
5.758112925893002873e-09
-2.742490092470216179e-10
-2.540245819594440929e-03
4.022409093404276544e-10
-5.264019030662027599e-10
-3.753062953278649139e-02
-2.636256553015590620e-10
7.884074256361215118e-10
-3.951947745883810370e-05
5.903243249200420521e-10
1.997578800586351188e-11
5.896123255696601034e-02
1.692850691586280515e-02
1.712685836423445033e-10
8.843235337571911484e-11
1.381522070779961364e-05
3.141348920923882018e-10
1.071554665808365081e-12
-2.671352981726201128e-02
-1.156045139176910957e-02
-4.962690715091343418e-11
-1.588889778269525474e-10
3.890316104210832238e-05
-5.247878441474974450e-10
-3.604877174684632008e-11
1.831189530547175370e-02
1.319238763173554876e-09
-4.451761627059272442e-05
-5.511331328739456944e-10
-1.812015095218629918e-11
1.870328525337685340e-03
-2.812751274432854391e-11
3.857892495832442155e-11
2.686543179686214913e-06
4.826170859572705170e-09
-3.152529092325112359e+00
2.391789209210927858e+00
-5.176582954236905731e-01
2.298032951473200303e+00
2.110272124875805400e+00
1.710840188969963371e+00
8.073832475071328618e-01
2.649026928866912822e+00
-1.062354255418187848e-04
1.081450464245259824e-04
8.255923678355522660e-05
-1.301267416901576894e-04
-2.655081486836977523e-04
1.491580230813042670e-04
-1.940029620990304116e-04
8.310954631827383770e-04
4.895265911979273664e-05
7.183740750974184947e-05
-2.973874637973576468e-04
-1.673964712588101204e-05
4.081889013135191560e-05
-2.509037451401547854e-04
-7.426559771460852885e-06
1.076236757913472488e-04
-1.770624586760185192e-04
-2.670520930254458776e-05
-8.380211857534559570e-05
-7.950536284836258114e-05
-6.899325852832834116e-02
-8.682337511598837987e-06
-1.259682915321245697e-04
1.452009575006480156e-05
-1.634744521079201530e-04
-1.878421319516718549e-02
1.567982592454933031e-05
-1.849087159255109443e-04
-4.476929491455883092e-06
5.670027005694399335e-05
-5.833700050327011478e-03
-1.128337252399294263e-05
9.058043058646184803e-05
-1.537558750626637493e-05
5.260191491231091718e-05
-4.787563487437106191e-03
-1.265899913484118660e-05
6.633819964624781745e-05
-1.771582994430152854e-05
-2.320785755001627800e-05
-1.566329681686924992e-03
-1.501711648849048656e-05
9.947625667550450768e-05
-1.221020064564191811e-05
1.909430474614957571e-04
-2.464962003270122250e-03
2.759883468961994160e-06
-1.506993616830381894e-04
3.730686394710449466e-02
9.736632851189974680e-05
-2.989722387650216393e-05
2.744847701306035725e-05
-8.817167386395460653e-05
1.907337611219313278e-05
-5.830403255783653954e-02
-1.687255309538906317e-02
-4.743317894226063816e-05
5.107519106137487289e-09
2.411780995767789926e-05
5.541184103111529023e-05
9.396590066297312929e-06
2.638259628961100306e-02
1.158925083740861700e-02
2.684703584787169082e-05
3.136999569539495334e-05
-4.582883703620546645e-05
-4.011083862690906698e-05
-2.356465916719967160e-05
-1.813703617942204888e-02
2.063998957079403814e-06
1.585209488567802637e-05
9.161532541639388392e-07
1.731941568454264263e-05
1.926700088764195153e-03
2.330784324450623646e-05
-6.847728013774790744e-06
-1.875940805367029508e-05
-1.010090792851027562e-05
-3.152550252393670593e+00
2.391856153761213299e+00
-5.176895976510271780e-01
2.298014459282724964e+00
2.110079550525932213e+00
1.710749971660858071e+00
8.073933027763128267e-01
2.649043500404822282e+00
-1.163491411480920413e-04
8.931500986361694348e-05
-2.298974480749289514e-05
-2.954747715713045659e-04
-3.205676104060550292e-04
-1.056148926852206339e-04
1.103863483627768542e-04
8.427144281512022588e-04
9.260074783341357683e-05
-4.143917741629176202e-06
-2.901066278014807678e-04
-2.441228768623330468e-05
-1.456459824613562528e-05
-2.053035217439328570e-04
-1.659564838978035627e-05
8.448192874180976940e-05
-3.132743408561277699e-04
2.839091921119174609e-05
2.423898289855348938e-05
-6.794527329750114008e-05
-6.904801342453301127e-02
-4.084076523978521665e-05
4.091240981339225053e-05
-6.644862437821412774e-05
-5.244087260891308480e-05
-1.871565969334580345e-02
3.066973483989006931e-05
1.034822150534678818e-04
-3.847178863927125619e-05
5.018164507624333010e-05
-5.765078337076909656e-03
2.438610873892035414e-05
-4.790189059885508101e-05
-3.694004049080825205e-05
4.100619434930465512e-05
-4.719261107564090216e-03
2.752435358357443670e-05
-5.131067727460428708e-05
-3.397304952465851169e-05
7.285296683160898102e-05
-1.438148173938809090e-03
5.791613780464453923e-05
-8.117299799989759516e-05
2.593664086819323406e-05
-1.051177802832903763e-04
-2.627332587277111942e-03
-8.469281669682564068e-05
7.784746784385701351e-05
-3.760855877815679621e-02
8.673756773930213775e-05
-1.346869614359176050e-05
-1.461659976059945243e-04
-7.851771155915844482e-05
1.073946561670675350e-04
5.832360864696929659e-02
1.705088331128843879e-02
-9.204545490229200020e-05
8.287836212975759238e-06
1.300644953346665605e-04
4.197435075323170455e-05
-6.460246089276067225e-05
-2.641818179353688789e-02
-1.176963662081329659e-02
9.315845008357970464e-05
-1.639449312372900404e-05
-1.372304966320778141e-04
-2.819514920290703847e-05
6.928174010904254981e-05
1.822809006952090874e-02
-8.950615432153292191e-06
-9.965946943005105367e-06
-9.654677397808943709e-06
-5.923694468119042409e-06
1.875739724818707406e-03
4.574675228099020627e-06
1.181137141490192573e-05
3.634967675802918796e-05
1.596161560454660566e-08
-3.152550251955646310e+00
2.391856152012739489e+00
-5.176895970851690398e-01
2.298014457399333299e+00
2.110079549926187070e+00
1.710749971511875245e+00
8.073933027418349617e-01
2.649043500456180755e+00
-7.806591796125040769e-05
8.931548667146969270e-05
8.927010220359478040e-05
-2.391466337298631594e-04
-3.205664993884776125e-04
2.030920564598744137e-04
1.353796456825272806e-04
8.427140146349349154e-04
-4.929812211548374192e-05
-2.321414314767291276e-05
-2.901064365166126143e-04
-8.617400185865991240e-06
-2.165973003157388568e-05
-2.053033516422899079e-04
4.314619660145249113e-06
6.684322803100691554e-05
-3.132743013899722743e-04
-5.896517724968572904e-05
2.328460183401452523e-05
-6.934147556755557661e-05
-6.904800913894140746e-02
3.842183537395562828e-05
-4.145917654708455250e-05
1.228366418287401673e-04
3.388366266494512082e-07
-1.871565909802214850e-02
6.075035807894937153e-05
5.801208335507110890e-06
-2.224724882056272450e-05
4.621036459009005172e-05
-5.765077919240857440e-03
-3.126524548178464581e-05
5.726963761167324111e-05
-2.596545122907370102e-05
4.434037125551225280e-05
-4.719260777374085537e-03
-2.174987251498103943e-05
5.764724307150964210e-05
-5.331445414716437845e-05
8.658414509088197290e-05
-1.438148011415344135e-03
-3.413360199444651327e-05
7.000736369575315634e-05
5.445935887424838097e-05
-1.259059612763520244e-04
-2.627332450637055467e-03
4.868702883047159626e-05
-6.138206842348689065e-05
3.760855578939742427e-02
4.963636458346263290e-05
-7.473280680471362965e-05
-1.461661537715541748e-04
-2.759554641411658595e-05
-1.288145874914216034e-04
-5.832360466100306590e-02
-1.705088194503022112e-02
-9.923691255567224610e-06
4.049383310803162436e-05
1.300647729546265674e-04
1.381028216877337777e-05
1.120154370734234919e-04
2.641817999796720884e-02
1.176963580847300433e-02
1.341961226130922603e-05
-3.261417701213491314e-05
-1.372309901346568939e-04
9.951846810071405224e-08
-1.153189676835531300e-04
-1.822808902267131215e-02
4.468074634542617499e-06
9.966042443541471606e-06
1.505542626754934532e-05
9.999259607936178754e-07
1.875739600847784253e-03
7.417606551179806965e-06
2.455293930628808276e-06
-3.634966537453200895e-05
-7.753571393234205949e-06
-3.152550251882489718e+00
2.391856151757177695e+00
-5.176895969922671314e-01
2.298014457009715628e+00
2.110079549606693750e+00
1.710749971394037949e+00
8.073933027481476898e-01
2.649043500487378466e+00
3.825687840697579998e-05
8.931527560851037356e-05
1.122388125938631473e-04
5.624839943769577701e-05
-3.205669346320475302e-04
3.086425809011724645e-04
2.500642549336199396e-05
8.427138820806040140e-04
-1.418894359181056722e-04
-1.906966584740376369e-05
-2.901063980699537261e-04
1.579537560409940145e-05
-7.088478991546974599e-06
-2.053032571483591343e-04
2.091622363433933975e-05
-1.765753949184262173e-05
-3.132744530691186765e-04
-8.737366910390771549e-05
-4.757673047065251893e-05
-1.396914400088496155e-06
-6.904800942503798444e-02
7.926268994428868663e-05
5.535326851616932491e-07
-5.640097952408260171e-05
5.278087072177170861e-05
-1.871565887592557473e-02
3.008259857613761797e-05
-1.092822131711704552e-04
6.072177066480858416e-05
-3.971434083341171181e-06
-5.765077865359138909e-03
-5.565225179261553415e-05
-9.368021633325555360e-06
6.290757624948343249e-05
3.334209043438442113e-06
-4.719260673276663882e-03
-4.927506513840192030e-05
-6.336915679564421322e-06
8.728217259427349043e-05
1.373180729483248596e-05
-1.438147727799772785e-03
-9.205102304601883213e-05
1.116617553123014329e-05
-8.037833579667202563e-05
-2.078961335457281019e-05
-2.627332840164605440e-03
1.333811122760155136e-04
-1.646778832990797488e-05
-3.760855565286223834e-02
-1.363747454303197715e-04
-6.126422136219878225e-05
-1.461664563049136500e-04
5.092294472233281806e-05
2.142146423693305855e-05
5.832360319072323745e-02
1.705088185575126883e-02
1.019699451187715332e-04
3.220786533633755028e-05
1.300649250092211773e-04
-2.816339435867450808e-05
-4.741398303928213943e-05
-2.641817940262174841e-02
-1.176963577822660867e-02
-1.065787295508023331e-04
-1.622184799373311737e-05
-1.372311652099653112e-04
2.829430935018890838e-05
4.603834633760449184e-05
1.822808876837553327e-02
4.486831278608798294e-06
-9.966042039055537927e-06
-5.402108642392581270e-06
6.923807373379613119e-06
1.875739582233201938e-03
2.842807945450367881e-06
-1.426626529890857604e-05
3.634963844235843594e-05
7.751792404992480386e-06
-3.152529092726165327e+00
2.391789211053132025e+00
-5.176582960073993211e-01
2.298032953485980023e+00
2.110272125667878917e+00
1.710840189222461172e+00
8.073832475392085373e-01
2.649026928739013798e+00
1.246214183573298156e-04
1.081446433924067481e-04
5.074194143293373339e-05
1.942541039855699247e-04
-2.655097310888717690e-04
3.817139925021251863e-05
1.393946897110665667e-04
8.310968749221096146e-04
1.435261591290089278e-04
-5.041595393605681258e-05
-2.973875793841966294e-04
-5.384363848188608787e-05
-2.684283917694229590e-05
-2.509036064530289285e-04
-3.164174530807994576e-05
-7.693363671753579566e-05
-1.770629358018873897e-04
-7.983859715457821728e-05
1.509693112165470374e-04
3.223337539554977033e-05
-6.899325383026623515e-02
7.319577440254476826e-05
-9.570432082239160605e-06
1.528711916712219786e-04
9.531606820846148245e-05
-1.878421103224120134e-02
1.337340597333133382e-04
1.050342367574425332e-04
-7.620552431435607130e-05
-3.812137213120904986e-05
-5.833700153590786613e-03
-4.346235224867116135e-05
-4.916875578639912320e-05
-4.976196851506055693e-05
-3.726341211154072646e-05
-4.787563552080808908e-03
-3.922515936712850062e-05
-4.648591838049314691e-05
-7.729365510990697540e-05
-1.399755943298190838e-06
-1.566329486427676335e-03
2.760760014249979142e-05
-6.507919415905526628e-05
1.366229384167270641e-04
-9.308381238337745005e-05
-2.464962765592053091e-03
-1.667427455873092556e-04
6.476963483824953107e-05
3.730686281824245609e-02
-6.520250136450404799e-05
-6.141143191192472177e-05
2.744819125423403339e-05
6.997778519641815000e-05
7.478536703208935564e-05
-5.830403187469902077e-02
-1.687255229149065699e-02
1.557993324124106165e-05
4.798600168931394243e-05
2.411757229821634430e-05
-2.771181288583676055e-05
-4.577664819126420290e-05
2.638259592339604193e-02
1.158924980397681506e-02
6.983135869007678874e-06
-5.042274718738135649e-05
-4.582812142474475270e-05
-7.110239144398367039e-06
3.503228236896935169e-05
-1.813703549511164886e-02
-9.781830030577100461e-06
1.585203409138602183e-05
5.471738353687329286e-06
1.152573060247458523e-05
1.926700070837403158e-03
-2.665291041517522952e-05
4.217737952023643128e-06
-1.875921890790403909e-05
3.271264213525600052e-06
-3.152529092574317904e+00
2.391789210513066699e+00
-5.176582958870511453e-01
2.298032953182149729e+00
2.110272125779472319e+00
1.710840189247747389e+00
8.073832475192597169e-01
2.649026928736592179e+00
-1.246220226113526372e-04
1.081437452831652038e-04
-5.074233042798179322e-05
-1.942554837218713718e-04
-2.655114587485222014e-04
-3.817227379525128198e-05
-1.393947439491403429e-04
8.310963871378928419e-04
-1.435259739435775395e-04
5.041599420342891802e-05
-2.973874441495895338e-04
5.384373826421003187e-05
2.684292162930996970e-05
-2.509035953787069136e-04
3.164187247826333294e-05
7.693356040926299828e-05
-1.770625862608289115e-04
7.983859925635343273e-05
1.509687686172528744e-04
-3.223302445002140869e-05
-6.899325454348111120e-02
-7.319503444038171890e-05
-9.570781604563926258e-06
1.528710875706799899e-04
-9.531562817002414006e-05
-1.878421153644910593e-02
-1.337332012731697094e-04
1.050342882058331385e-04
-7.620550383755352606e-05
3.812128054803870828e-05
-5.833700059492220868e-03
4.346224281472702960e-05
-4.916872449689669428e-05
-4.976192939177981068e-05
3.726346678844947224e-05
-4.787563544314207310e-03
3.922524510318360364e-05
-4.648583707417578911e-05
-7.729362948753081995e-05
1.400252698956818689e-06
-1.566329412619321291e-03
-2.760674748699743549e-05
-6.507910276893316595e-05
1.366230450088441143e-04
9.308290087463762512e-05
-2.464962838278058743e-03
1.667409988387880126e-04
6.476962288657172446e-05
-3.730686182929430356e-02
-6.520268061945824409e-05
6.141184421630649284e-05
2.744812515507316641e-05
-6.997747428386346920e-05
7.478525810616920566e-05
5.830403002863991657e-02
1.687255182353044475e-02
1.557982872652159158e-05
-4.798605038339789084e-05
2.411779295596883088e-05
2.771180155283977395e-05
-4.577665692938467316e-05
-2.638259494552329387e-02
-1.158924958178317657e-02
6.983538952626679001e-06
5.042252081843311205e-05
-4.582866383571505831e-05
7.109928684156108778e-06
3.503231526472984879e-05
1.813703482091842678e-02
-9.781789347196933140e-06
-1.585212995210063814e-05
5.471637040303973815e-06
-1.152560799971412853e-05
1.926699968605852676e-03
2.665299602317503099e-05
4.217637117062277181e-06
1.875936622717204330e-05
3.271235806264681479e-06
-3.152550251914599588e+00
2.391856152119527401e+00
-5.176895971393898899e-01
2.298014457753935424e+00
2.110079550204604359e+00
1.710749971533791491e+00
8.073933027715617383e-01
2.649043500444277388e+00
-3.825719247019484831e-05
8.931462702690289891e-05
-1.122379842584239531e-04
-5.624965371789540452e-05
-3.205686400686645447e-04
-3.086408431074725081e-04
-2.500528491615132247e-05
8.427143715684429475e-04
1.418893626520880975e-04
1.906957929752998946e-05
-2.901063669286815480e-04
-1.579550452091336589e-05
7.088458461189907291e-06
-2.053031800027401669e-04
-2.091624585481904471e-05
1.765765428052426056e-05
-3.132744314452564705e-04
8.737318453484028101e-05
-4.757609651785302913e-05
1.397689041253620014e-06
-6.904800994701765227e-02
-7.926282424742495288e-05
5.535000510903040349e-07
-5.640034367130628619e-05
-5.277982045597170698e-05
-1.871565864554879111e-02
-3.008173665265364335e-05
-1.092826510891375079e-04
6.072154325600394022e-05
3.971256686635136004e-06
-5.765078291509581100e-03
5.565195748783033429e-05
-9.367834484017360425e-06
6.290747241374187310e-05
-3.334131901426798275e-06
-4.719260984515622967e-03
4.927479923306423440e-05
-6.336738740560617397e-06
8.728209222016845457e-05
-1.373079861193819576e-05
-1.438147560880527432e-03
9.205056434204091391e-05
1.116633953239486979e-05
-8.037806655087213520e-05
2.078745485134652143e-05
-2.627333607104268259e-03
-1.333806200606633778e-04
-1.646780797563323414e-05
3.760855575955660002e-02
-1.363746679915029108e-04
6.126466661396742395e-05
-1.461661226427185545e-04
-5.092307095858191954e-05
2.142094971970584082e-05
-5.832360243771962660e-02
-1.705088184567640774e-02
1.019700201355668804e-04
-3.220801175222326608e-05
1.300647263914132129e-04
2.816322806071733242e-05
-4.741347317960509190e-05
2.641817886186037870e-02
1.176963571661002531e-02
-1.065788389119245419e-04
1.622187186342262345e-05
-1.372310763126591282e-04
-2.829381994168522199e-05
4.603765287244032060e-05
-1.822808821844553590e-02
4.487038794882629821e-06
9.965967155533682776e-06
-5.401987354420741366e-06
-6.923747292979485514e-06
1.875739616852083050e-03
-2.842831448911264155e-06
-1.426630688137265127e-05
-3.634966664452127678e-05
7.751923296005555760e-06
-3.152550252447984036e+00
2.391856156962087532e+00
-5.176895983795372080e-01
2.298014460226166733e+00
2.110079548117539616e+00
1.710749970616885163e+00
8.073933028357600517e-01
2.649043500823471398e+00
-1.163399802774035471e-04
-8.931563281473092232e-05
2.296200677617869996e-05
-2.954404176363973657e-04
3.205663529313148088e-04
1.055432433431429881e-04
1.103749186199074611e-04
-8.427139780807536840e-04
-9.260142876905573181e-05
-4.144339287900264911e-06
2.901063310551552847e-04
2.441252935717712743e-05
-1.456889308159197625e-05
2.053030548793655335e-04
1.660010759304011592e-05
8.449527887744890807e-05
3.132747922857042700e-04
-2.840406459036461312e-05
-2.427033047139408171e-05
6.794422214302138366e-05
-6.904801650635955523e-02
-4.084154769120560422e-05
4.085419440090758830e-05
6.643983250345634095e-05
5.244208182374744090e-05
-1.871566364521004555e-02
3.066775006980739491e-05
1.034661775133641714e-04
3.847448121191802826e-05
-5.018197124802081739e-05
-5.765077932767499053e-03
2.438684334092972380e-05
-4.790316681822442773e-05
3.694329651750696104e-05
-4.100643983075146387e-05
-4.719261053868155364e-03
2.752498086450049476e-05
-5.130905457527635871e-05
3.397523063828689679e-05
-7.285302880919583492e-05
-1.438151275055424110e-03
5.791738279751899214e-05
-8.117314780277295398e-05
-2.593305395136154360e-05
1.051173645356251999e-04
-2.627324946619110681e-03
-8.469468234927545695e-05
7.785713044255508316e-05
-3.760851710289695587e-02
8.673903844103457331e-05
-1.346469370039652877e-05
1.461660523967428515e-04
7.852008305534135917e-05
-1.073931202793751167e-04
-5.832363073300720485e-02
1.705086499124774946e-02
-9.204680233441679313e-05
8.285583291275217498e-06
-1.300647346847288999e-04
-4.197304429701418987e-05
6.460152760724246872e-05
2.641818978346079094e-02
-1.176962415967663413e-02
9.315984287829026916e-05
-1.639334579667982772e-05
1.372310463234986677e-04
2.819158377101712372e-05
-6.928084828952240769e-05
-1.822809434161080933e-02
8.957442657905545177e-06
9.965955879569010157e-06
9.654025453450876617e-06
5.924012797581197686e-06
1.875739739345431197e-03
4.574868507957325346e-06
1.181177197417360397e-05
3.634956863597650184e-05
8.755273370446986503e-09
-3.152550251804292269e+00
2.391856152312304751e+00
-5.176895970240147360e-01
2.298014458145481775e+00
2.110079550964656381e+00
1.710749971665217473e+00
8.073933027603106272e-01
2.649043500403915896e+00
-3.826709006363943278e-05
-8.931485827026752495e-05
1.122516537471985806e-04
-5.627736778575614506e-05
3.205679848961306977e-04
3.086866859573487217e-04
-2.500237124391071000e-05
-8.427144830031951068e-04
-1.419000889779593118e-04
1.906995686878944083e-05
2.901065485178347132e-04
1.579562018687250680e-05
7.090235522111387588e-06
2.053033797626536115e-04
2.091198932459614315e-05
1.765374953969223035e-05
3.132745319777604500e-04
-8.735976258619456477e-05
4.754884725491521913e-05
-1.396605330445624838e-06
-6.904800876515129748e-02
-7.926331788130660779e-05
5.404076317808061830e-07
5.639010537552852781e-05
5.278137990955929150e-05
-1.871565918080179275e-02
-3.008132812451564850e-05
-1.092770988286098372e-04
-6.071932275272430573e-05
-3.971760973529774659e-06
-5.765078860450212686e-03
5.565170983797097451e-05
-9.369738229057890386e-06
-6.290600260616785564e-05
3.333816250298610910e-06
-4.719261481709517529e-03
4.927449021551695899e-05
-6.338134148419363606e-06
-8.728755262775419251e-05
1.373090282882734938e-05
-1.438148403152207135e-03
9.205003657867369860e-05
1.116753633452121844e-05
8.039437310866005978e-05
-2.078827459594147621e-05
-2.627332656587743395e-03
-1.333800689135639561e-04
-1.647401174689450511e-05
3.760855603813108294e-02
-1.363751520720942779e-04
6.126786387746790030e-05
1.461661575844555583e-04
5.092559895914406005e-05
-2.141992396685425942e-05
5.832360751777416336e-02
-1.705088112790421537e-02
1.019700671650410539e-04
-3.220850764450264737e-05
-1.300646031524473056e-04
-2.816571979962607074e-05
4.741274562410584649e-05
-2.641818147706307546e-02
1.176963456161164018e-02
-1.065789344496582448e-04
1.622149221379663031e-05
1.372306628293316899e-04
2.829602346717977968e-05
-4.603693354244230151e-05
1.822809023205181761e-02
-4.487886232842550321e-06
-9.965903278889420153e-06
5.400670841119995153e-06
6.923682279858434088e-06
1.875739595867198647e-03
-2.842771765446008674e-06
-1.426559839007922694e-05
-3.634963987937595345e-05
7.743480246067255453e-06
-3.152529092846797720e+00
2.391789209476991473e+00
-5.176582959903563985e-01
2.298032952547376162e+00
2.110272125934105514e+00
1.710840189530011823e+00
8.073832474123372460e-01
2.649026928625794586e+00
-1.246158646278208498e-04
-1.081444734631437045e-04
5.071871011293454384e-05
-1.942361202942710467e-04
2.655098205865466651e-04
3.810551654431703294e-05
-1.393984753765035382e-04
-8.310962706064345309e-04
1.435331373509394018e-04
5.041518081207495901e-05
2.973874660941079476e-04
-5.384338304005971887e-05
2.684052217982898608e-05
2.509037632669131805e-04
-3.163757138043347511e-05
7.693974747022001349e-05
1.770621585839538773e-04
-7.984922534069292409e-05
-1.509923699510422063e-04
3.223332148531433657e-05
-6.899325717317447704e-02
-7.319597249938046991e-05
-9.604580608486227699e-06
-1.528773604394571915e-04
9.531547596596063265e-05
-1.878421152880581715e-02
-1.337336650229188964e-04
1.050300125287862926e-04
7.620773135385907628e-05
-3.812133407752479560e-05
-5.833699920179660249e-03
4.346222504942477948e-05
-4.916925981741796984e-05
4.976430440853503391e-05
-3.726350468253749975e-05
-4.787563466754907182e-03
3.922504269072700939e-05
-4.648743041042770739e-05
7.729223210819005391e-05
-1.400198733300656159e-06
-1.566328812521031438e-03
-2.760738613494174483e-05
-6.508780954114097279e-05
-1.366129605185129113e-04
-9.308303642914075361e-05
-2.464964584125062166e-03
1.667418488459938830e-04
6.478593979347438913e-05
-3.730686303425617689e-02
-6.520158634804300996e-05
6.141034502266630381e-05
-2.744825618317126015e-05
6.997783253083963441e-05
-7.478506686308555342e-05
-5.830403157175307466e-02
1.687255311400430446e-02
1.557926412571841550e-05
-4.798461907672320077e-05
-2.411761282782552696e-05
-2.770914784439544652e-05
4.577659622430449611e-05
2.638259628209769711e-02
-1.158925332503027775e-02
6.983604395479855488e-06
5.042000798289245891e-05
4.582833838934555204e-05
-7.115083902734968069e-06
-3.503248433880392591e-05
-1.813703500358420165e-02
9.779787500654112641e-06
1.585200800603037168e-05
-5.472718429446864902e-06
1.152560378960074404e-05
1.926700162421210536e-03
2.665306923679928107e-05
4.218548319417057824e-06
1.875936594011466457e-05
3.262680160329706875e-06
-3.152685156280954804e+00
2.392327205282810620e+00
-5.178586212489846297e-01
2.298573180111423753e+00
2.110347491553524080e+00
1.710846272508880439e+00
8.073879849027176814e-01
2.649003367179078250e+00
-8.915900651045440482e-10
1.476957951387720871e-04
1.049794948021824818e-08
-6.244856498104784876e-10
8.550487794247237268e-04
3.333056736015784678e-08
-1.118004500561887922e-09
-9.487647490884061575e-04
-6.299023194649055280e-09
1.062608683441416724e-09
3.342869355314901031e-04
-6.050208865620719172e-10
1.616502790060366578e-09
2.645289289038048807e-04
-3.958628084064797104e-09
-3.264073764707576351e-09
2.434552000737435487e-04
1.067784141284552642e-08
-5.934892250586377024e-09
-1.427910270153266070e-10
-6.896888800116524054e-02
-8.111523608040997956e-10
-2.089741296132815269e-08
-2.994163973483176115e-09
1.900406468963355437e-10
-1.861630473992226947e-02
-2.383745997042429607e-10
-7.193436004112018527e-10
1.084415599689133023e-09
6.756049513226230768e-11
-5.793772356459417523e-03
2.357001053823349510e-12
-1.410954150557573140e-09
1.235859453824176059e-09
1.112309671513281267e-10
-4.778548945970830832e-03
-3.579864066026586453e-11
-2.206432637353606002e-09
7.037637299099886124e-10
6.943019974768788823e-11
-1.555042284458099840e-03
-1.318338910029637905e-10
-5.242072882155169746e-09
1.880691488624377823e-09
1.475194968109944115e-10
-2.540244943022472272e-03
1.687367156597374146e-10
6.141742056146496404e-09
3.753062462891183088e-02
2.195882573653137030e-10
4.303236289178917297e-09
3.951933349995162548e-05
-2.221490610067465239e-09
-3.704533933178480131e-12
5.896123162512945104e-02
-1.692850355273632645e-02
-1.680992429724220333e-10
-3.201526357284159796e-09
-1.381526293242618664e-05
4.650052660342013070e-10
1.722448789622158340e-11
-2.671353125093258243e-02
1.156044865310481423e-02
4.631995442341520927e-11
4.183955205637243541e-09
-3.890301861463919819e-05
-9.511009765593748906e-10
-3.684687912908093564e-11
1.831189688042391545e-02
-3.448279377696217763e-09
-4.451766108714087496e-05
-9.389367699411503908e-10
6.954450902543051594e-11
1.870328755042486744e-03
-1.490663873930641267e-11
5.747297407021907469e-10
-2.686661156953520403e-06
-2.457000249416320030e-09
-3.152529093479394362e+00
2.391789213237155654e+00
-5.176582973360872586e-01
2.298032955312253822e+00
2.110272124801940929e+00
1.710840189234200226e+00
8.073832474535793668e-01
2.649026928721303964e+00
1.062487336268636885e-04
-1.081442825539887919e-04
8.253694988342095398e-05
1.301707506830021783e-04
2.655101789840355435e-04
1.490947420319087974e-04
1.939931812169985443e-04
-8.310964033664747968e-04
4.895837858889021913e-05
-7.183776985872437405e-05
2.973875059605036140e-04
-1.673997686393244379e-05
-4.082264016186534046e-05
2.509038070859010610e-04
-7.423071464192727902e-06
-1.076137889787921037e-04
1.770621366005045282e-04
-2.671478410951775510e-05
8.375762895826237547e-05
-7.950543013062838591e-05
-6.899326061787403042e-02
8.682712526217914277e-06
-1.260227351612618844e-04
-1.453106717148367372e-05
-1.634742556615228094e-04
-1.878421353908342820e-02
-1.567901264948924091e-05
-1.849239026374384582e-04
4.478835923954552110e-06
5.670012322553688014e-05
-5.833700051388055093e-03
1.128284397903180796e-05
9.057837037350078874e-05
1.537624771521555446e-05
5.260181873258446190e-05
-4.787563157163749784e-03
1.265846461339953811e-05
6.633878873056999262e-05
1.770744276554745697e-05
-2.320839394080639320e-05
-1.566328263032305433e-03
1.501600425822661761e-05
9.947654356592255942e-05
1.223087185951723448e-05
1.909443803327561678e-04
-2.464964899194804597e-03
-2.758367005062282529e-06
-1.506942661629684735e-04
-3.730683004595890251e-02
9.736743276179499152e-05
2.989870133687241123e-05
-2.744819709705331734e-05
-8.816730894246047924e-05
-1.907442046756614717e-05
-5.830406284389037103e-02
1.687253800557485250e-02
-4.743379073762574595e-05
-7.018197861717047868e-09
-2.411757198595397556e-05
5.541225587717101133e-05
-9.395755577351269650e-06
2.638260899616735530e-02
-1.158924084349312496e-02
2.684726472700841026e-05
-3.136773893342397054e-05
4.582819462499269914e-05
-4.011258268766299033e-05
2.356377482868774690e-05
-1.813704387058540091e-02
-2.055654465643566274e-06
1.585212320384644407e-05
-9.173500310965249088e-07
1.731933412190822931e-05
1.926700898284132999e-03
-2.330793392423561396e-05
-6.847554611051675025e-06
1.875937199560520554e-05
-1.010981560516114794e-05
-3.152529093136307470e+00
2.391789215497264198e+00
-5.176582971741346961e-01
2.298032956249790093e+00
2.110272124400286664e+00
1.710840188713114829e+00
8.073832475653875962e-01
2.649026928965365624e+00
-1.062499970276281473e-04
-1.081443451634981115e-04
-8.253398302395367812e-05
-1.301726934110907126e-04
2.655099779397231607e-04
-1.490903993408777459e-04
-1.939941273058615580e-04
-8.310959003624936647e-04
-4.895681473938928664e-05
7.183804384617659350e-05
2.973875241647912465e-04
1.673977286704976758e-05
4.082381351758430975e-05
2.509037398294322206e-04
7.423103018076054096e-06
1.076091478640565219e-04
1.770624121443936660e-04
2.671629565054254367e-05
8.376939419923410410e-05
7.950621066779627131e-05
-6.899326330612021163e-02
-8.683323366778447627e-06
-1.260211176074166762e-04
-1.452662863780718723e-05
1.634746019473209684e-04
-1.878421710028008521e-02
1.567877964282120371e-05
-1.849278981857355175e-04
4.479133987424793552e-06
-5.670000046559497920e-05
-5.833700140283043685e-03
-1.128289811004029434e-05
9.057915012263741280e-05
1.537858948267231143e-05
-5.260162480722873485e-05
-4.787563657912987866e-03
-1.265854676686308130e-05
6.633917726186431543e-05
1.771863832345392439e-05
2.320866437584444470e-05
-1.566331928303428718e-03
-1.501616407745871867e-05
9.947477880349156238e-05
1.221194829819837469e-05
-1.909444443865882034e-04
-2.464956721127697405e-03
2.758534194008844810e-06
-1.506892534734479805e-04
3.730682638979124222e-02
9.736701287371575650e-05
-2.989866382912897231e-05
-2.744841750171311823e-05
8.817133456484767522e-05
-1.907437498279958635e-05
5.830406070302815436e-02
-1.687253410842205412e-02
-4.743362785639693700e-05
6.207326239807456868e-09
-2.411755269682465397e-05
-5.541399336161629099e-05
-9.395800271358445421e-06
-2.638260833466014518e-02
1.158923463609461482e-02
2.684721167071552048e-05
3.136972449032401997e-05
4.582831729833120038e-05
4.011445012526357594e-05
2.356386948956866022e-05
1.813704401220752119e-02
-2.057439603791771427e-06
-1.585216743415057266e-05
-9.167636728439681611e-07
-1.731931366643965219e-05
1.926700365717952824e-03
2.330793116480752821e-05
-6.847410596846057775e-06
-1.875932121716792375e-05
-1.010824115947299841e-05
-3.152685153524501960e+00
2.392327191934915387e+00
-5.178586161041109914e-01
2.298573170794325105e+00
2.110347496487745556e+00
1.710846273875769485e+00
8.073879847547852373e-01
2.649003366678057247e+00
3.071592943824017182e-08
1.476957195084371930e-04
-5.992223584416833903e-09
9.591778801822682316e-08
8.550489251894053018e-04
-1.771640695522239600e-08
-1.865716500499147506e-08
-9.487651620044426984e-04
2.784821301062462528e-09
4.472064493378231064e-11
3.342869659077461926e-04
3.295039166021694543e-10
-7.752129131272430265e-09
2.645287834528273381e-04
1.638018747174393948e-09
2.347111695456417972e-08
2.434555730199982650e-04
-4.629417192960080317e-09
-4.964584564636574683e-08
-1.054040816399778424e-09
-6.896885880812354819e-02
5.311982669525152830e-10
2.152921225701073230e-08
-2.560040301138910941e-10
-4.593828816525235686e-10
-1.861629590782592006e-02
4.310108946207306834e-11
-2.644292939195818774e-09
-2.367014079303947011e-09
-1.289154232279285904e-10
-5.793773529798641048e-03
-5.409275941209782734e-11
1.119656292076112552e-09
-3.394190702620919348e-09
-1.774091082315956693e-10
-4.778549807211316877e-03
-2.549471475836396895e-11
1.369116360490310730e-09
-9.560780726104096245e-09
-3.296812152359828182e-10
-1.555039937379037269e-03
4.275007880216826137e-11
2.531991595091636549e-09
1.345532363977587076e-08
4.242179760193842324e-10
-2.540252439859967681e-03
-1.218902876993800927e-10
-2.328081685154023975e-09
-3.753055480865935545e-02
2.414835636296094000e-10
4.264558953565206014e-09
3.951951730376060401e-05
-9.959999346871831365e-10
-6.095203033383461380e-11
-5.896125820520127514e-02
1.692847548694894830e-02
-1.673264190174217804e-10
-5.192958194435266165e-09
-1.381549876632547080e-05
7.311592794061432404e-10
1.402970588559794912e-11
2.671354167858512943e-02
-1.156043051074622484e-02
8.070158552802068254e-12
6.115740063715268978e-09
-3.890265230632392046e-05
-7.477401040579424021e-10
8.745224058794022377e-11
-1.831190478951644218e-02
1.093988577702926455e-08
4.451771936726744928e-05
1.362394795981124968e-09
-1.297951498565761992e-11
1.870326228599099565e-03
2.174602299993555825e-11
-5.829998359515254442e-10
2.686654781570171988e-06
-9.343493323385892886e-09
-3.152529093010195904e+00
2.391789213056607633e+00
-5.176582969302329085e-01
2.298032954549936058e+00
2.110272124264624516e+00
1.710840188888470559e+00
8.073832474823916527e-01
2.649026928882763254e+00
1.245765473780632534e-04
-1.081446875280689412e-04
-5.077397635511551356e-05
1.941284154361136330e-04
2.655091379786893822e-04
-3.825125705555934390e-05
1.394050508656325587e-04
-8.310958850732573164e-04
-1.435287046726626409e-04
-5.041618103584227529e-05
2.973874187592171121e-04
5.384247796899826690e-05
-2.683533128789539435e-05
2.509037443254062889e-04
3.164393279304177081e-05
-7.695590800497531037e-05
1.770621144669261922e-04
7.983073985092658956e-05
-1.509995625142817590e-04
-3.223422580226327039e-05
-6.899326464609428777e-02
7.319465659533219964e-05
-9.417277371175894647e-06
-1.528754933270831120e-04
-9.531609066425650485e-05
-1.878421584908251951e-02
1.337335296203605089e-04
1.050674174260586460e-04
7.620663999273706438e-05
3.812166823401236433e-05
-5.833700234108127672e-03
-4.346224700939055346e-05
-4.916322825296082005e-05
4.976238152948826878e-05
3.726371588959841424e-05
-4.787563342018122912e-03
-3.922517265058813967e-05
-4.648396971398827539e-05
7.728756013451877182e-05
1.400437185221354132e-06
-1.566329288794815955e-03
2.760712183417133415e-05
-6.506597261760880852e-05
-1.366077881415848070e-04
9.308266752634889460e-05
-2.464962367761336370e-03
-1.667417202341675347e-04
6.473518368380407062e-05
3.730682877715277984e-02
-6.520125533429057749e-05
-6.140961421927473331e-05
-2.744857179280690840e-05
-6.997502678432530702e-05
-7.478492061929590574e-05
5.830406123304859856e-02
-1.687253761180777106e-02
1.557899611053816229e-05
4.798998269389098659e-05
-2.411759620420290962e-05
2.771538301951699686e-05
4.577647541907615362e-05
-2.638260818257796847e-02
1.158924053022084358e-02
6.983909145670975233e-06
-5.043030915193055341e-05
4.582850186150150273e-05
7.101767612762644919e-06
-3.503208434066915934e-05
1.813704381221601866e-02
9.788766571366058159e-06
-1.585209456284700731e-05
-5.472601251574425035e-06
-1.152531262122662403e-05
1.926700703886885784e-03
-2.665281282518506341e-05
4.215347860856100094e-06
-1.875932098978121078e-05
3.262584448263694298e-06
-3.152550256708521292e+00
2.391856176306747184e+00
-5.176896058568890568e-01
2.298014474844067845e+00
2.110079542993808399e+00
1.710749969388064784e+00
8.073933029264350747e-01
2.649043501169149994e+00
3.827367269068522322e-05
-8.931499131629408623e-05
-1.122235372503529289e-04
5.629446909042460555e-05
3.205673764333635475e-04
-3.085999439844345701e-04
2.500299953671174247e-05
-8.427138565763562118e-04
1.418858916349359294e-04
-1.907021413417892024e-05
2.901066144574231381e-04
-1.579440084757268928e-05
-7.092487137765068634e-06
2.053036799078023639e-04
-2.091747222916784805e-05
-1.764663874245052993e-05
3.132737438537666489e-04
8.737871539127924515e-05
4.757422049709864997e-05
1.395852514179539601e-06
-6.904805360623554600e-02
7.926225357183429385e-05
6.241361775545972886e-07
5.639500467464615935e-05
-5.278165633765219097e-05
-1.871567589073123636e-02
3.008106619947144050e-05
-1.092684762555970641e-04
-6.071814151610335075e-05
3.971643591105261271e-06
-5.765076372685196127e-03
-5.565181220421182463e-05
-9.364199001415151320e-06
-6.290344639707298323e-05
-3.333996610425360419e-06
-4.719259151460829943e-03
-4.927462706960886066e-05
-6.335003027322715725e-06
-8.727842777449033678e-05
-1.373114006199862821e-05
-1.438150962286650339e-03
-9.205035904645139861e-05
1.117168875162571814e-05
8.038031768615454980e-05
2.078829204518051408e-05
-2.627321261211980601e-03
1.333805526337969601e-04
-1.647986409619824272e-05
-3.760855760147044369e-02
-1.363752360133646622e-04
-6.127211117944238064e-05
1.461656418248538647e-04
-5.092171403215501289e-05
-2.141964322715465135e-05
-5.832363847738468443e-02
1.705087996610821569e-02
1.019700638121999372e-04
3.221079226637962883e-05
-1.300641537528499092e-04
2.816035267401797472e-05
4.741261675817625473e-05
2.641819450186176643e-02
-1.176963220435893291e-02
-1.065789408518026302e-04
-1.622477566928022964e-05
1.372300754841314363e-04
-2.828962804904644425e-05
-4.603681190799412820e-05
-1.822809800982388984e-02
-4.485451572977235211e-06
9.965895534950696918e-06
5.400034848937479296e-06
-6.923722256674147315e-06
1.875742926438541021e-03
2.842780286962861289e-06
-1.426699067157103794e-05
3.634962859133692781e-05
7.750863080911696811e-06
-3.152550253641277500e+00
2.391856157314990572e+00
-5.176895997118499126e-01
2.298014461352861915e+00
2.110079547766744668e+00
1.710749971176517281e+00
8.073933026874959840e-01
2.649043500417737729e+00
1.163412959017683687e-04
-8.931557474269513543e-05
-2.296527639480578655e-05
2.954413323808784825e-04
3.205667100670923572e-04
-1.055501650288198645e-04
-1.103727756709954448e-04
-8.427146696655682737e-04
9.260137416006693277e-05
4.144844079570988321e-06
2.901064309413622835e-04
-2.441216452767892866e-05
1.456975947067971723e-05
2.053032815007443685e-04
-1.659921435418342203e-05
-8.449566727646036079e-05
3.132741501957616399e-04
2.840144126691653546e-05
-2.428252341286328564e-05
-6.794473136661078596e-05
-6.904801522572090455e-02
4.084177250870314898e-05
4.085242582185718034e-05
6.643755328447739812e-05
-5.244225959603253341e-05
-1.871565965646608196e-02
-3.066766922746123121e-05
1.034651651608344035e-04
3.847336857246329642e-05
5.018195095641952562e-05
-5.765076331328793449e-03
-2.438677667139789690e-05
-4.790355266435897101e-05
3.694027426639041677e-05
4.100638834468029299e-05
-4.719258822682153784e-03
-2.752489538987057093e-05
-5.130951100893727912e-05
3.396390138547938638e-05
7.285288444770474418e-05
-1.438144069540177577e-03
-5.791727878915028851e-05
-8.117581158666138186e-05
-2.591555572586525677e-05
-1.051171705866515109e-04
-2.627338036574246999e-03
8.469465299456199986e-05
7.786242818932280572e-05
3.760851790806463840e-02
8.673944581292386026e-05
1.346708692486582246e-05
1.461663919369721176e-04
-7.852144866770760338e-05
-1.073930669825294473e-04
5.832363388116196257e-02
-1.705086603777739712e-02
-9.204696739719992350e-05
-8.286880221885215871e-06
-1.300647279641378024e-04
4.197301405573601249e-05
6.460147586192263418e-05
-2.641819339426194554e-02
1.176962561580831637e-02
9.315984906122892458e-05
1.639498788293927613e-05
1.372307600868670485e-04
-2.819100846284503686e-05
-6.928082459363064200e-05
1.822809990799606136e-02
8.957856765910281746e-06
-9.966008459546084938e-06
9.653842687638558822e-06
-5.923988632712551012e-06
1.875740387013170949e-03
-4.574842433017862965e-06
1.181176049500076708e-05
-3.634957861533797557e-05
8.502337706063275991e-09
-3.152550252354860749e+00
2.391856153036166610e+00
-5.176895975679489670e-01
2.298014458883757882e+00
2.110079550664962778e+00
1.710749971805384018e+00
8.073933027423872977e-01
2.649043500311046184e+00
7.807600977555000099e-05
-8.931474178116042759e-05
8.925812128869465537e-05
2.391745778058270398e-04
3.205682275855916731e-04
2.030506908367237396e-04
-1.353804744826562849e-04
-8.427143901247910289e-04
-4.928749988173911523e-05
2.321319746618252783e-05
2.901066055478956169e-04
-8.617501621499867100e-06
2.165687764620112006e-05
2.053035176522520326e-04
4.318713948135623559e-06
-6.683719145535330444e-05
3.132742286106894570e-04
-5.897939901856774528e-05
-2.330659895189671638e-05
-6.934118420031550848e-05
-6.904801152081951887e-02
-3.842082144977999793e-05
-4.146972420473619752e-05
-1.228452509842939563e-04
3.400141691131349821e-07
-1.871565872992388482e-02
-6.075027366507737450e-05
5.806436051495968728e-06
2.224943406049903735e-05
4.621012605006369030e-05
-5.765078245417692981e-03
3.126556058880575607e-05
5.726653675246138307e-05
2.596725476716634149e-05
4.434016361936941533e-05
-4.719260826250800712e-03
2.175025780066483548e-05
5.764445113868890512e-05
5.331166207587378523e-05
8.658356171445830704e-05
-1.438146824791007583e-03
3.413406280856879325e-05
7.000530026998765779e-05
-5.444815161535209998e-05
-1.259049978201232187e-04
-2.627335232277165557e-03
-4.868714675602333903e-05
-6.138377113789692387e-05
-3.760855639824359220e-02
4.963721525712587110e-05
7.472837490848276490e-05
1.461661680203438229e-04
-2.759728964185734646e-05
1.288141211082555757e-04
-5.832360915667027246e-02
1.705088036565243978e-02
-9.924414006580993021e-06
-4.049188110347178883e-05
-1.300645431244733946e-04
1.381174846500792842e-05
-1.120149859901443641e-04
2.641818355064829912e-02
-1.176963300417943961e-02
1.342030107448694606e-05
3.261229462570757126e-05
1.372305375370082986e-04
9.924106826765663122e-08
1.153184844660047170e-04
-1.822809275318233030e-02
-4.469208426337143878e-06
9.965930429952488448e-06
-1.505697859741718424e-05
9.998755571241798017e-07
1.875739829076834928e-03
-7.417527558296988324e-06
2.456000280177280640e-06
3.634968286227300058e-05
-7.761188350581668324e-06
-3.152529093116606784e+00
2.391789213874476516e+00
-5.176582969014930091e-01
2.298032954830424135e+00
2.110272123687527479e+00
1.710840188511218773e+00
8.073832476300231153e-01
2.649026929121590435e+00
-1.836988314741497334e-05
-1.081446113298118730e-04
1.333086705402953046e-04
-6.408660288874350869e-05
2.655092023498158670e-04
1.873387659507782816e-04
5.460948128755913484e-05
-8.310957498363379971e-04
1.924904896859089233e-04
-2.142148230254370471e-05
2.973874312155905014e-04
-7.058301942315168393e-05
-1.397786934465398843e-05
2.509036382661988655e-04
-3.906662708666594139e-05
-3.068456815097497640e-05
1.770627026531664385e-04
-1.065500932080162442e-04
6.718089423557232695e-05
-4.727129551267085419e-05
-6.899326651787149323e-02
-6.451176078239861944e-05
1.354804540565056076e-04
1.673954790889748236e-04
-6.815841603048655717e-05
-1.878421592665868722e-02
-1.494128235973430198e-04
7.985768322212228763e-05
-8.068326296468479012e-05
1.857867836570873689e-05
-5.833700204853750973e-03
5.474558838562194104e-05
-4.141296656349688615e-05
-6.513803805033263172e-05
1.533822334643164856e-05
-4.787563978258943358e-03
5.188415884051628113e-05
-1.985148347250165080e-05
-9.500673661098614714e-05
-2.460863861839634309e-05
-1.566332686942166269e-03
-1.259037913673874095e-05
-3.440067821705762455e-05
1.244053616486110814e-04
9.786121736868583947e-05
-2.464955718129882394e-03
1.639827462275561640e-04
8.594481987011037632e-05
3.730682760272327481e-02
-3.216488442010344978e-05
9.130757618901869620e-05
-2.744849038931185259e-05
-1.820104022025297453e-05
9.385895018822350798e-05
5.830406114210862772e-02
-1.687253635430140813e-02
3.185395493164057922e-05
-4.799256158623691555e-05
-2.411773710869410947e-05
2.770184341983723754e-05
-3.638037348092763596e-05
-2.638260768668278938e-02
1.158923898253073383e-02
-3.383080662868799028e-05
1.905633727058462455e-05
4.582870735361094239e-05
-4.721982910791907607e-05
1.146794797207250759e-05
1.813704138010579017e-02
-7.714721750110145127e-06
-1.585205178895736263e-05
6.387908279936673102e-06
2.884485329538695540e-05
1.926700798227754018e-03
3.344957600588899325e-06
2.630866201647837251e-06
-1.875934320975877767e-05
6.835421578511925484e-06
-3.152529088284356629e+00
2.391789190784182839e+00
-5.176582883333751273e-01
2.298032938588890683e+00
2.110272130752048003e+00
1.710840190544065553e+00
8.073832475252700203e-01
2.649026928389114133e+00
1.839922642396900207e-05
-1.081443750588474912e-04
-1.332810333309355729e-04
6.416021920444689376e-05
2.655099784559093214e-04
-1.872814269819562732e-04
-5.460929119233336014e-05
-8.310960830262488800e-04
-1.924752908348223467e-04
2.142208890810203386e-05
2.973873814337882316e-04
7.058351343709740175e-05
1.397577061147051187e-05
2.509033236561906272e-04
3.906688056997692927e-05
3.069146011886308967e-05
1.770635343002813548e-04
1.065483576820766489e-04
6.717097582637963048e-05
4.727184294175718234e-05
-6.899322539087408834e-02
6.451340592170177980e-05
1.356069076113965502e-04
1.673935395686875828e-04
6.815800876604292523e-05
-1.878419913798874685e-02
1.494136154601847567e-04
7.989417755703540395e-05
-8.068375939668384145e-05
-1.857850720438488029e-05
-5.833702128775896702e-03
-5.474556965104949459e-05
-4.141114892208360896e-05
-6.513936142902291464e-05
-1.533794271140697621e-05
-4.787565600998734856e-03
-5.188394214343235254e-05
-1.985429689134459805e-05
-9.501002554401217733e-05
2.460902356484822781e-05
-1.566328616797127123e-03
1.259061923259936018e-05
-3.439453680067363728e-05
1.244087575969006108e-04
-9.786124174645380509e-05
-2.464968929410970167e-03
-1.639824955619024300e-04
8.591408536148516456e-05
-3.730682354610034140e-02
-3.216489040828952525e-05
-9.130525894448864813e-05
-2.744794782468668037e-05
1.819069362672181493e-05
9.385868999661219590e-05
-5.830403126642570710e-02
1.687253535546852021e-02
3.185415474276460587e-05
4.798750260979849341e-05
-2.411826330360987425e-05
-2.770120164335331876e-05
-3.638024448346746133e-05
2.638259687519053237e-02
-1.158923813521680300e-02
-3.383106592105085322e-05
-1.904705059814006693e-05
4.582945126382909073e-05
4.722527447354854025e-05
1.146808794586526379e-05
-1.813703727627559784e-02
-7.718927428251989636e-06
1.585214444912834837e-05
6.388728694635143878e-06
-2.884490713362181037e-05
1.926697616677114974e-03
-3.345167901011700164e-06
2.629248647148231749e-06
1.875949460036838016e-05
6.828496838591084682e-06
-3.152550248660126453e+00
2.391856134742167850e+00
-5.176895906868316244e-01
2.298014445998714184e+00
2.110079556781490506e+00
1.710749973460654161e+00
8.073933026264072943e-01
2.649043499789728529e+00
-7.810047635046802337e-05
-8.931473064616060435e-05
-8.926327716407198281e-05
-2.392457161599580683e-04
3.205684768325632594e-04
-2.030637037565327218e-04
1.353899699256018853e-04
-8.427146933714998057e-04
4.928514929654250875e-05
-2.321427080880381289e-05
2.901065670133611669e-04
8.616760863449285162e-06
-2.165365786235809220e-05
2.053032742854353704e-04
-4.318455809303973366e-06
6.682404753823064487e-05
3.132749168232198782e-04
5.897601721029558606e-05
-2.332549623216509816e-05
6.934204550698071256e-05
-6.904797765637346596e-02
3.842167587567082293e-05
-4.140541476449263584e-05
-1.228425048930647894e-04
-3.397696699462235707e-07
-1.871564652581200749e-02
6.075053230768387923e-05
5.816581812405572098e-06
2.224826401783984195e-05
-4.621003792408895166e-05
-5.765079979476941605e-03
-3.126551710827397252e-05
5.727055159554653364e-05
2.596628366935224103e-05
-4.434007002809034047e-05
-4.719262738444180913e-03
-2.175014609039905547e-05
5.764540476637006032e-05
5.331200917093737292e-05
-8.658329551841019260e-05
-1.438146119060688781e-03
-3.413385030979618673e-05
7.000652812211723933e-05
-5.445115150995078249e-05
1.259045080095731349e-04
-2.627341303318595118e-03
4.868700070290586288e-05
-6.138906185324186624e-05
3.760852243002148210e-02
4.963706559177045834e-05
-7.473773545748035700e-05
1.461665254156099825e-04
2.760166598822695085e-05
1.288142561532639547e-04
5.832360346710570298e-02
-1.705086871213213132e-02
-9.924313888287888269e-06
4.049910323170589129e-05
-1.300649284606547607e-04
-1.381266129044697154e-05
-1.120150561984364522e-04
-2.641818023499115098e-02
1.176962900139767038e-02
1.342027450876287888e-05
-3.262101918914537451e-05
1.372311321245940630e-04
-9.868225679158745302e-08
1.153185959848068308e-04
1.822808922228527292e-02
-4.464228743859523446e-06
-9.965867794919585992e-06
-1.505513339200540584e-05
-9.998949030453393311e-07
1.875736979931125637e-03
7.417493615077889709e-06
2.454802265494936435e-06
-3.634968117542879378e-05
-7.768642804066740572e-06
