0.447213595499958
-0.447213595499958
0.447213595499958
-0.447213595499958
0.447213595499958
-0.447213595499958
0.31622776601683794
-0.31622776601683794
-0.18257418583505536
0.3651483716701107
-0.18257418583505536
-0.31622776601683794
0.31622776601683794
-0.447213595499958
-0.09759000729485333
-0.21821789023599236
-0.3779644730092272
0.1690308509457033
0.2760262237369417
0.3086066999241838
-0.23904572186687872
-0.2927700218845599
-0.23904572186687872
0.3086066999241838
0.2760262237369417
0.1690308509457033
-0.3779644730092272
-0.21821789023599236
-0.09759000729485333
0.447213595499958
0.447213595499958
0.447213595499958
0.447213595499958
0.447213595499958
0.23904572186687872
0.2927700218845599
0.23904572186687872
-0.2927700218845599
-0.11952286093343936
0.11952286093343936
0.2927700218845599
0.23904572186687872
-0.11952286093343936
-0.23904572186687872
-0.11952286093343936
0.23904572186687872
0.2927700218845599
0.11952286093343936
-0.11952286093343936
-0.2927700218845599
0.23904572186687872
0.2927700218845599
0.23904572186687872
0.039840953644479794
0.0890870806374748
0.1543033499620919
0.23570226039551584
0.3333333333333333
-0.0890870806374748
-0.15936381457791918
-0.21821789023599236
-0.2519763153394848
-0.23570226039551584
0.1543033499620919
0.21821789023599236
0.23904572186687872
0.21821789023599236
0.1543033499620919
-0.23570226039551584
-0.2519763153394848
-0.21821789023599236
-0.15936381457791918
-0.0890870806374748
0.3333333333333333
0.23570226039551584
0.1543033499620919
0.0890870806374748
0.039840953644479794
-0.3779644730092272
-0.21821789023599236
-0.09759000729485333
-0.3086066999241838
-0.2760262237369417
-0.1690308509457033
-0.23904572186687872
-0.2927700218845599
-0.23904572186687872
-0.1690308509457033
-0.2760262237369417
-0.3086066999241838
-0.09759000729485333
-0.21821789023599236
-0.3779644730092272
-0.1543033499620919
-0.21821789023599236
-0.23904572186687872
-0.21821789023599236
-0.1543033499620919
0.24397501823713327
0.1889822365046136
0.06900655593423542
-0.06900655593423542
-0.1889822365046136
-0.24397501823713327
-0.24397501823713327
0.0
0.14638501094227996
0.19518001458970666
0.14638501094227996
0.0
-0.24397501823713327
-0.24397501823713327
-0.1889822365046136
-0.06900655593423542
0.06900655593423542
0.1889822365046136
0.24397501823713327
-0.1543033499620919
-0.21821789023599236
-0.23904572186687872
-0.21821789023599236
-0.1543033499620919
-0.020806259464411975
-0.046524210519923545
-0.08058229640253803
-0.12309149097933274
-0.17407765595569785
-0.23354968324845687
-0.30151134457776363
0.05504818825631803
0.10192943828752511
0.14712247158412492
0.18609684207969418
0.21320071635561044
0.2201927530252721
0.19069251784911845
-0.11009637651263605
-0.1651445647689541
-0.1973855084879307
-0.20806259464411975
-0.1973855084879307
-0.1651445647689541
-0.11009637651263605
0.19069251784911845
0.2201927530252721
0.21320071635561044
0.18609684207969418
0.14712247158412492
0.10192943828752511
0.05504818825631803
-0.30151134457776363
-0.23354968324845687
-0.17407765595569785
-0.12309149097933274
-0.08058229640253803
-0.046524210519923545
-0.020806259464411975
0.3333333333333333
0.23570226039551584
0.1543033499620919
0.0890870806374748
0.039840953644479794
0.23570226039551584
0.2519763153394848
0.21821789023599236
0.15936381457791918
0.0890870806374748
0.1543033499620919
0.21821789023599236
0.23904572186687872
0.21821789023599236
0.1543033499620919
0.0890870806374748
0.15936381457791918
0.21821789023599236
0.2519763153394848
0.23570226039551584
0.039840953644479794
0.0890870806374748
0.1543033499620919
0.23570226039551584
0.3333333333333333
0.11009637651263605
0.1651445647689541
0.1973855084879307
0.20806259464411975
0.1973855084879307
0.1651445647689541
0.11009637651263605
-0.2059714602177749
-0.19462473604038075
-0.13241022442571243
-0.046524210519923545
0.046524210519923545
0.13241022442571243
0.19462473604038075
0.2059714602177749
0.23783535600422526
0.059458839001056314
-0.06795295885835007
-0.14440003757399392
-0.1698823971458752
-0.14440003757399392
-0.06795295885835007
0.059458839001056314
0.23783535600422526
0.2059714602177749
0.19462473604038075
0.13241022442571243
0.046524210519923545
-0.046524210519923545
-0.13241022442571243
-0.19462473604038075
-0.2059714602177749
0.11009637651263605
0.1651445647689541
0.1973855084879307
0.20806259464411975
0.1973855084879307
0.1651445647689541
0.11009637651263605
0.012465959866779428
0.027874733666903025
0.04828045495852676
0.07374961314478497
0.10429770312912398
0.13993005245628826
0.18064892093237822
0.22645540682891915
0.2773500981126146
-0.03739787960033829
-0.07051811804639269
-0.10429770312912398
-0.13655774839978377
-0.16490914830605122
-0.186573403275051
-0.19789097796726146
-0.19312181983410703
-0.16012815380508713
0.08362420100070908
0.12955005512625914
0.16157730690671296
0.18064892093237822
0.18698939800169143
0.18064892093237822
0.16157730690671296
0.12955005512625914
0.08362420100070908
-0.16012815380508713
-0.19312181983410703
-0.19789097796726146
-0.186573403275051
-0.16490914830605122
-0.13655774839978377
-0.10429770312912398
-0.07051811804639269
-0.03739787960033829
0.2773500981126146
0.22645540682891915
0.18064892093237822
0.13993005245628826
0.10429770312912398
0.07374961314478497
0.04828045495852676
0.027874733666903025
0.012465959866779428
-0.30151134457776363
-0.23354968324845687
-0.17407765595569785
-0.12309149097933274
-0.08058229640253803
-0.046524210519923545
-0.020806259464411975
-0.19069251784911845
-0.2201927530252721
-0.21320071635561044
-0.18609684207969418
-0.14712247158412492
-0.10192943828752511
-0.05504818825631803
-0.11009637651263605
-0.1651445647689541
-0.1973855084879307
-0.20806259464411975
-0.1973855084879307
-0.1651445647689541
-0.11009637651263605
-0.05504818825631803
-0.10192943828752511
-0.14712247158412492
-0.18609684207969418
-0.21320071635561044
-0.2201927530252721
-0.19069251784911845
-0.020806259464411975
-0.046524210519923545
-0.08058229640253803
-0.12309149097933274
-0.17407765595569785
-0.23354968324845687
-0.30151134457776363
-0.08362420100070908
-0.12955005512625914
-0.16157730690671296
-0.18064892093237822
-0.18698939800169143
-0.18064892093237822
-0.16157730690671296
-0.12955005512625914
-0.08362420100070908
0.1773937187967248
0.1851100598717808
0.15267620413811483
0.09894548898363073
0.03413943709994594
-0.03413943709994594
-0.09894548898363073
-0.15267620413811483
-0.1851100598717808
-0.1773937187967248
-0.22901430620717222
-0.0916057224828689
0.015267620413811482
0.0916057224828689
0.13740858372430334
0.15267620413811483
0.13740858372430334
0.0916057224828689
0.015267620413811482
-0.0916057224828689
-0.22901430620717222
-0.1773937187967248
-0.1851100598717808
-0.15267620413811483
-0.09894548898363073
-0.03413943709994594
0.03413943709994594
0.09894548898363073
0.15267620413811483
0.1851100598717808
0.1773937187967248
-0.08362420100070908
-0.12955005512625914
-0.16157730690671296
-0.18064892093237822
-0.18698939800169143
-0.18064892093237822
-0.16157730690671296
-0.12955005512625914
-0.08362420100070908
0.2773500981126146
0.22645540682891915
0.18064892093237822
0.13993005245628826
0.10429770312912398
0.07374961314478497
0.04828045495852676
0.027874733666903025
0.012465959866779428
0.16012815380508713
0.19312181983410703
0.19789097796726146
0.186573403275051
0.16490914830605122
0.13655774839978377
0.10429770312912398
0.07051811804639269
0.03739787960033829
0.08362420100070908
0.12955005512625914
0.16157730690671296
0.18064892093237822
0.18698939800169143
0.18064892093237822
0.16157730690671296
0.12955005512625914
0.08362420100070908
0.03739787960033829
0.07051811804639269
0.10429770312912398
0.13655774839978377
0.16490914830605122
0.186573403275051
0.19789097796726146
0.19312181983410703
0.16012815380508713
0.012465959866779428
0.027874733666903025
0.04828045495852676
0.07374961314478497
0.10429770312912398
0.13993005245628826
0.18064892093237822
0.22645540682891915
0.2773500981126146
0.06629935441317959
0.10482848367219184
0.13409704688030227
0.15484193222775275
0.16724840200141816
0.17137861409939506
0.16724840200141816
0.15484193222775275
0.13409704688030227
0.10482848367219184
0.06629935441317959
-0.15548576840284828
-0.17225077552896437
-0.15644655469368596
-0.12241329578528218
-0.07742096611387637
-0.026444294267397254
0.026444294267397254
0.07742096611387637
0.12241329578528218
0.15644655469368596
0.17225077552896437
0.15548576840284828
0.2198900824313101
0.10994504121565506
0.019990007493755464
-0.04997501873438866
-0.09995003746877731
-0.12993504870941053
-0.13993005245628826
-0.12993504870941053
-0.09995003746877731
-0.04997501873438866
0.019990007493755464
0.10994504121565506
0.2198900824313101
0.15548576840284828
0.17225077552896437
0.15644655469368596
0.12241329578528218
0.07742096611387637
0.026444294267397254
-0.026444294267397254
-0.07742096611387637
-0.12241329578528218
-0.15644655469368596
-0.17225077552896437
-0.15548576840284828
0.06629935441317959
0.10482848367219184
0.13409704688030227
0.15484193222775275
0.16724840200141816
0.17137861409939506
0.16724840200141816
0.15484193222775275
0.13409704688030227
0.10482848367219184
0.06629935441317959
