0.3333333333333333
-0.3333333333333333
0.3333333333333333
-0.3333333333333333
0.3333333333333333
-0.3333333333333333
0.3333333333333333
-0.3333333333333333
0.3333333333333333
-0.3333333333333333
0.28867513459481287
-0.16666666666666666
-0.24397501823713327
0.21821789023599236
-0.0629940788348712
0.19920476822239894
-0.24397501823713327
0.10910894511799618
-0.1543033499620919
0.2519763153394848
-0.1543033499620919
0.10910894511799618
-0.24397501823713327
0.19920476822239894
-0.0629940788348712
0.21821789023599236
-0.24397501823713327
-0.16666666666666666
0.28867513459481287
-0.3333333333333333
-0.044946657497549475
-0.1348399724926484
-0.30151134457776363
0.0778498944161523
0.1797866299901979
0.2696799449852968
-0.11009637651263605
-0.2059714602177749
-0.23783535600422526
0.1421338109037403
0.2201927530252721
0.2059714602177749
-0.17407765595569785
-0.22473328748774737
-0.17407765595569785
0.2059714602177749
0.2201927530252721
0.1421338109037403
-0.23783535600422526
-0.2059714602177749
-0.11009637651263605
0.2696799449852968
0.1797866299901979
0.0778498944161523
-0.30151134457776363
-0.1348399724926484
-0.044946657497549475
0.3333333333333333
-0.23570226039551584
0.23570226039551584
0.1543033499620919
-0.2519763153394848
0.1543033499620919
-0.0890870806374748
0.21821789023599236
-0.21821789023599236
0.0890870806374748
0.039840953644479794
-0.15936381457791918
0.23904572186687872
-0.15936381457791918
0.039840953644479794
0.0890870806374748
-0.21821789023599236
0.21821789023599236
-0.0890870806374748
0.1543033499620919
-0.2519763153394848
0.1543033499620919
0.23570226039551584
-0.23570226039551584
0.3333333333333333
0.11009637651263605
0.2059714602177749
0.23783535600422526
-0.1651445647689541
-0.19462473604038075
-0.059458839001056314
0.2059714602177749
0.1973855084879307
0.13241022442571243
-0.06795295885835007
-0.19462473604038075
0.11009637651263605
-0.20806259464411975
-0.046524210519923545
0.14440003757399392
0.13241022442571243
-0.1651445647689541
0.1973855084879307
-0.046524210519923545
-0.1698823971458752
-0.046524210519923545
0.1973855084879307
-0.1651445647689541
0.13241022442571243
0.14440003757399392
-0.046524210519923545
-0.20806259464411975
0.11009637651263605
-0.19462473604038075
-0.06795295885835007
0.13241022442571243
0.1973855084879307
0.2059714602177749
-0.059458839001056314
-0.19462473604038075
-0.1651445647689541
0.23783535600422526
0.2059714602177749
0.11009637651263605
0.012465959866779428
0.03739787960033829
0.08362420100070908
0.16012815380508713
0.2773500981126146
-0.027874733666903025
-0.07051811804639269
-0.12955005512625914
-0.19312181983410703
-0.22645540682891915
0.04828045495852676
0.10429770312912398
0.16157730690671296
0.19789097796726146
0.18064892093237822
-0.07374961314478497
-0.13655774839978377
-0.18064892093237822
-0.186573403275051
-0.13993005245628826
0.10429770312912398
0.16490914830605122
0.18698939800169143
0.16490914830605122
0.10429770312912398
-0.13993005245628826
-0.186573403275051
-0.18064892093237822
-0.13655774839978377
-0.07374961314478497
0.18064892093237822
0.19789097796726146
0.16157730690671296
0.10429770312912398
0.04828045495852676
-0.22645540682891915
-0.19312181983410703
-0.12955005512625914
-0.07051811804639269
-0.027874733666903025
0.2773500981126146
0.16012815380508713
0.08362420100070908
0.03739787960033829
0.012465959866779428
-0.3333333333333333
0.16666666666666666
-0.28867513459481287
-0.0629940788348712
0.21821789023599236
-0.24397501823713327
-0.10910894511799618
0.24397501823713327
-0.19920476822239894
-0.1543033499620919
0.2519763153394848
-0.1543033499620919
-0.19920476822239894
0.24397501823713327
-0.10910894511799618
-0.24397501823713327
0.21821789023599236
-0.0629940788348712
-0.28867513459481287
0.16666666666666666
-0.3333333333333333
-0.17407765595569785
-0.22473328748774737
-0.17407765595569785
0.21320071635561044
0.10050378152592121
-0.10050378152592121
-0.21320071635561044
-0.1973855084879307
0.046524210519923545
0.1698823971458752
0.046524210519923545
-0.1973855084879307
0.14712247158412492
-0.15194743527951726
-0.10403129732205987
0.10403129732205987
0.15194743527951726
-0.14712247158412492
-0.08058229640253803
0.18802535827258873
-0.026860765467512676
-0.16116459280507606
-0.026860765467512676
0.18802535827258873
-0.08058229640253803
-0.14712247158412492
0.15194743527951726
0.10403129732205987
-0.10403129732205987
-0.15194743527951726
0.14712247158412492
-0.1973855084879307
0.046524210519923545
0.1698823971458752
0.046524210519923545
-0.1973855084879307
-0.21320071635561044
-0.10050378152592121
0.10050378152592121
0.21320071635561044
-0.17407765595569785
-0.22473328748774737
-0.17407765595569785
-0.04828045495852676
-0.10429770312912398
-0.16157730690671296
-0.19789097796726146
-0.18064892093237822
0.09349469900084571
0.15331103516796663
0.16325172786566963
0.09894548898363073
-0.04039432672667824
-0.20197163363339118
-0.13686222536283973
-0.16321772771370957
-0.10130133395943146
0.021591675854376526
0.13740858372430334
0.13655774839978377
-0.13222147133698628
0.17069718549972973
0.1316957377585446
0.009124148357522649
-0.10964174397241236
-0.14103623609278537
-0.03413943709994594
0.1773937187967248
-0.18698939800169143
-0.062329799333897144
0.08194819531574027
0.1413506985480439
0.08194819531574027
-0.062329799333897144
-0.18698939800169143
0.1773937187967248
-0.03413943709994594
-0.14103623609278537
-0.10964174397241236
0.009124148357522649
0.1316957377585446
0.17069718549972973
-0.13222147133698628
0.13655774839978377
0.13740858372430334
0.021591675854376526
-0.10130133395943146
-0.16321772771370957
-0.13686222536283973
-0.20197163363339118
-0.04039432672667824
0.09894548898363073
0.16325172786566963
0.15331103516796663
0.09349469900084571
-0.18064892093237822
-0.19789097796726146
-0.16157730690671296
-0.10429770312912398
-0.04828045495852676
0.3333333333333333
0.3333333333333333
0.3333333333333333
0.3333333333333333
0.3333333333333333
0.3333333333333333
0.3333333333333333
0.3333333333333333
0.3333333333333333
0.23783535600422526
0.2059714602177749
0.11009637651263605
-0.2059714602177749
0.059458839001056314
0.19462473604038075
0.1651445647689541
0.11009637651263605
-0.19462473604038075
-0.06795295885835007
0.13241022442571243
0.1973855084879307
0.1651445647689541
-0.13241022442571243
-0.14440003757399392
0.046524210519923545
0.20806259464411975
0.1973855084879307
-0.046524210519923545
-0.1698823971458752
-0.046524210519923545
0.1973855084879307
0.20806259464411975
0.046524210519923545
-0.14440003757399392
-0.13241022442571243
0.1651445647689541
0.1973855084879307
0.13241022442571243
-0.06795295885835007
-0.19462473604038075
0.11009637651263605
0.1651445647689541
0.19462473604038075
0.059458839001056314
-0.2059714602177749
0.11009637651263605
0.2059714602177749
0.23783535600422526
0.10429770312912398
0.16490914830605122
0.18698939800169143
0.16490914830605122
0.10429770312912398
-0.16490914830605122
-0.15644655469368596
-0.062329799333897144
0.062329799333897144
0.15644655469368596
0.16490914830605122
0.18698939800169143
0.062329799333897144
-0.08194819531574027
-0.1413506985480439
-0.08194819531574027
0.062329799333897144
0.18698939800169143
-0.16490914830605122
0.062329799333897144
0.1413506985480439
0.06704852344015114
-0.06704852344015114
-0.1413506985480439
-0.062329799333897144
0.16490914830605122
0.10429770312912398
-0.15644655469368596
-0.08194819531574027
0.06704852344015114
0.13409704688030227
0.06704852344015114
-0.08194819531574027
-0.15644655469368596
0.10429770312912398
0.16490914830605122
-0.062329799333897144
-0.1413506985480439
-0.06704852344015114
0.06704852344015114
0.1413506985480439
0.062329799333897144
-0.16490914830605122
0.18698939800169143
0.062329799333897144
-0.08194819531574027
-0.1413506985480439
-0.08194819531574027
0.062329799333897144
0.18698939800169143
0.16490914830605122
0.15644655469368596
0.062329799333897144
-0.062329799333897144
-0.15644655469368596
-0.16490914830605122
0.10429770312912398
0.16490914830605122
0.18698939800169143
0.16490914830605122
0.10429770312912398
0.024931919733558856
0.05712620469979835
0.09656090991705352
0.13655774839978377
0.16724840200141816
0.17541160386140586
0.14322297480788657
-0.05712620469979835
-0.10596065886762515
-0.1403458930534474
-0.14484136487558028
-0.10795837927188262
-0.026444294267397254
0.08770580193070293
0.18946618668626836
0.09656090991705352
0.1403458930534474
0.13712555853457373
0.08568930704969753
0.0
-0.09032446046618911
-0.13993005245628826
-0.08770580193070293
0.14322297480788657
-0.13655774839978377
-0.14484136487558028
-0.08568930704969753
0.006232979933389714
0.09032446046618911
0.12773807700531709
0.09032446046618911
-0.026444294267397254
-0.17541160386140586
0.16724840200141816
0.10795837927188262
0.0
-0.09032446046618911
-0.12465959866779429
-0.09032446046618911
0.0
0.10795837927188262
0.16724840200141816
-0.17541160386140586
-0.026444294267397254
0.09032446046618911
0.12773807700531709
0.09032446046618911
0.006232979933389714
-0.08568930704969753
-0.14484136487558028
-0.13655774839978377
0.14322297480788657
-0.08770580193070293
-0.13993005245628826
-0.09032446046618911
0.0
0.08568930704969753
0.13712555853457373
0.1403458930534474
0.09656090991705352
0.18946618668626836
0.08770580193070293
-0.026444294267397254
-0.10795837927188262
-0.14484136487558028
-0.1403458930534474
-0.10596065886762515
-0.05712620469979835
0.14322297480788657
0.17541160386140586
0.16724840200141816
0.13655774839978377
0.09656090991705352
0.05712620469979835
0.024931919733558856
-0.30151134457776363
-0.1348399724926484
-0.044946657497549475
-0.2696799449852968
-0.1797866299901979
-0.0778498944161523
-0.23783535600422526
-0.2059714602177749
-0.11009637651263605
-0.2059714602177749
-0.2201927530252721
-0.1421338109037403
-0.17407765595569785
-0.22473328748774737
-0.17407765595569785
-0.1421338109037403
-0.2201927530252721
-0.2059714602177749
-0.11009637651263605
-0.2059714602177749
-0.23783535600422526
-0.0778498944161523
-0.1797866299901979
-0.2696799449852968
-0.044946657497549475
-0.1348399724926484
-0.30151134457776363
-0.18064892093237822
-0.19789097796726146
-0.16157730690671296
-0.10429770312912398
-0.04828045495852676
0.20197163363339118
0.04039432672667824
-0.09894548898363073
-0.16325172786566963
-0.15331103516796663
-0.09349469900084571
-0.13222147133698628
0.13655774839978377
0.13740858372430334
0.021591675854376526
-0.10130133395943146
-0.16321772771370957
-0.13686222536283973
-0.1773937187967248
0.03413943709994594
0.14103623609278537
0.10964174397241236
-0.009124148357522649
-0.1316957377585446
-0.17069718549972973
-0.18698939800169143
-0.062329799333897144
0.08194819531574027
0.1413506985480439
0.08194819531574027
-0.062329799333897144
-0.18698939800169143
-0.17069718549972973
-0.1316957377585446
-0.009124148357522649
0.10964174397241236
0.14103623609278537
0.03413943709994594
-0.1773937187967248
-0.13686222536283973
-0.16321772771370957
-0.10130133395943146
0.021591675854376526
0.13740858372430334
0.13655774839978377
-0.13222147133698628
-0.09349469900084571
-0.15331103516796663
-0.16325172786566963
-0.09894548898363073
0.04039432672667824
0.20197163363339118
-0.04828045495852676
-0.10429770312912398
-0.16157730690671296
-0.19789097796726146
-0.18064892093237822
-0.06827887419989188
-0.11826247919781652
-0.15267620413811483
-0.16490914830605122
-0.15267620413811483
-0.11826247919781652
-0.06827887419989188
0.12773807700531709
0.15267620413811483
0.11826247919781652
0.04407382377899542
-0.04407382377899542
-0.11826247919781652
-0.15267620413811483
-0.12773807700531709
-0.16724840200141816
-0.10795837927188262
0.0
0.09032446046618911
0.12465959866779429
0.09032446046618911
0.0
-0.10795837927188262
-0.16724840200141816
0.16724840200141816
0.0
-0.10795837927188262
-0.11660837704690687
-0.04828045495852676
0.04828045495852676
0.11660837704690687
0.10795837927188262
0.0
-0.16724840200141816
-0.11826247919781652
0.11826247919781652
0.11826247919781652
0.01971041319963609
-0.07884165279854435
-0.11826247919781652
-0.07884165279854435
0.01971041319963609
0.11826247919781652
0.11826247919781652
-0.11826247919781652
-0.16724840200141816
0.0
0.10795837927188262
0.11660837704690687
0.04828045495852676
-0.04828045495852676
-0.11660837704690687
-0.10795837927188262
0.0
0.16724840200141816
-0.16724840200141816
-0.10795837927188262
0.0
0.09032446046618911
0.12465959866779429
0.09032446046618911
0.0
-0.10795837927188262
-0.16724840200141816
-0.12773807700531709
-0.15267620413811483
-0.11826247919781652
-0.04407382377899542
0.04407382377899542
0.11826247919781652
0.15267620413811483
0.12773807700531709
-0.06827887419989188
-0.11826247919781652
-0.15267620413811483
-0.16490914830605122
-0.15267620413811483
-0.11826247919781652
-0.06827887419989188
0.2773500981126146
0.16012815380508713
0.08362420100070908
0.03739787960033829
0.012465959866779428
0.22645540682891915
0.19312181983410703
0.12955005512625914
0.07051811804639269
0.027874733666903025
0.18064892093237822
0.19789097796726146
0.16157730690671296
0.10429770312912398
0.04828045495852676
0.13993005245628826
0.186573403275051
0.18064892093237822
0.13655774839978377
0.07374961314478497
0.10429770312912398
0.16490914830605122
0.18698939800169143
0.16490914830605122
0.10429770312912398
0.07374961314478497
0.13655774839978377
0.18064892093237822
0.186573403275051
0.13993005245628826
0.04828045495852676
0.10429770312912398
0.16157730690671296
0.19789097796726146
0.18064892093237822
0.027874733666903025
0.07051811804639269
0.12955005512625914
0.19312181983410703
0.22645540682891915
0.012465959866779428
0.03739787960033829
0.08362420100070908
0.16012815380508713
0.2773500981126146
0.14322297480788657
0.17541160386140586
0.16724840200141816
0.13655774839978377
0.09656090991705352
0.05712620469979835
0.024931919733558856
-0.18946618668626836
-0.08770580193070293
0.026444294267397254
0.10795837927188262
0.14484136487558028
0.1403458930534474
0.10596065886762515
0.05712620469979835
0.14322297480788657
-0.08770580193070293
-0.13993005245628826
-0.09032446046618911
0.0
0.08568930704969753
0.13712555853457373
0.1403458930534474
0.09656090991705352
0.17541160386140586
0.026444294267397254
-0.09032446046618911
-0.12773807700531709
-0.09032446046618911
-0.006232979933389714
0.08568930704969753
0.14484136487558028
0.13655774839978377
0.16724840200141816
0.10795837927188262
0.0
-0.09032446046618911
-0.12465959866779429
-0.09032446046618911
0.0
0.10795837927188262
0.16724840200141816
0.13655774839978377
0.14484136487558028
0.08568930704969753
-0.006232979933389714
-0.09032446046618911
-0.12773807700531709
-0.09032446046618911
0.026444294267397254
0.17541160386140586
0.09656090991705352
0.1403458930534474
0.13712555853457373
0.08568930704969753
0.0
-0.09032446046618911
-0.13993005245628826
-0.08770580193070293
0.14322297480788657
0.05712620469979835
0.10596065886762515
0.1403458930534474
0.14484136487558028
0.10795837927188262
0.026444294267397254
-0.08770580193070293
-0.18946618668626836
0.024931919733558856
0.05712620469979835
0.09656090991705352
0.13655774839978377
0.16724840200141816
0.17541160386140586
0.14322297480788657
0.04756514941544941
0.08684168428648437
0.11998903007585239
0.14197293500509642
0.14965261357171789
0.14197293500509642
0.11998903007585239
0.08684168428648437
0.04756514941544941
-0.10090091909944687
-0.13592873654160806
-0.13091876497307772
-0.09294310304227144
-0.033463341695686884
0.033463341695686884
0.09294310304227144
0.13091876497307772
0.13592873654160806
0.10090091909944687
0.14770382146458638
0.12455479865038939
0.05089741357076769
-0.030663271749014023
-0.09108032686966361
-0.11312674244617577
-0.09108032686966361
-0.030663271749014023
0.05089741357076769
0.12455479865038939
0.14770382146458638
-0.16329271863322506
-0.04019988840526468
0.06572069842571017
0.11141838507043436
0.09576308262633051
0.037029418598812446
-0.037029418598812446
-0.09576308262633051
-0.11141838507043436
-0.06572069842571017
0.04019988840526468
0.16329271863322506
0.12648599596468285
-0.08432399730978855
-0.1226530869960561
-0.06899236143528155
0.014053999551631426
0.08176872466403738
0.10732145112154909
0.08176872466403738
0.014053999551631426
-0.06899236143528155
-0.1226530869960561
-0.08432399730978855
0.12648599596468285
0.16329271863322506
0.04019988840526468
-0.06572069842571017
-0.11141838507043436
-0.09576308262633051
-0.037029418598812446
0.037029418598812446
0.09576308262633051
0.11141838507043436
0.06572069842571017
-0.04019988840526468
-0.16329271863322506
0.14770382146458638
0.12455479865038939
0.05089741357076769
-0.030663271749014023
-0.09108032686966361
-0.11312674244617577
-0.09108032686966361
-0.030663271749014023
0.05089741357076769
0.12455479865038939
0.14770382146458638
0.10090091909944687
0.13592873654160806
0.13091876497307772
0.09294310304227144
0.033463341695686884
-0.033463341695686884
-0.09294310304227144
-0.13091876497307772
-0.13592873654160806
-0.10090091909944687
0.04756514941544941
0.08684168428648437
0.11998903007585239
0.14197293500509642
0.14965261357171789
0.14197293500509642
0.11998903007585239
0.08684168428648437
0.04756514941544941
