-2.807487715479744850e+00
1.891701191923444991e+00
-3.524427036150199477e-01
1.605071943312845528e+00
1.362192027352373547e+00
9.458416890270432420e-01
4.257371785473566539e-01
1.670571250909451244e+00
4.292447696225651257e-05
1.871534938763980182e-04
-2.593775625589689386e-05
1.108214103456695547e-04
1.699450961548989222e-03
-4.994636115007109058e-05
1.531372950896777698e-06
-3.428990669344501516e-03
5.158437677495644940e-07
6.257483325238250235e-06
1.691192667049248735e-03
1.411214575509114415e-05
8.096190296765101184e-06
3.062416432171634513e-03
1.305124879770569995e-05
2.178203218109544531e-07
-6.353278102912303209e-03
2.280517629668978063e-05
4.390115745654232359e-05
-1.238529893112754582e-04
-9.350604402036596929e-02
-3.707589948711655147e-05
1.661218208582000743e-04
-7.926850355200400249e-06
1.069578638006520659e-05
-2.107437495816888440e-02
2.513500961247382392e-05
2.137483677401831676e-05
5.795151079982843780e-06
-1.676620547179051015e-05
-4.335225589313973331e-03
-1.732223423381458642e-05
5.958865733853989551e-06
5.789300297367992099e-06
-1.431045372575750346e-05
-2.597881726314323590e-03
-1.877360681829063827e-05
9.510647851208845383e-06
8.378629581240827740e-06
-2.373238818303663756e-05
-3.389831978602965640e-04
-2.383040530977214785e-05
1.883075626832969948e-05
-7.460294312343114492e-06
2.595971547275304113e-05
-5.964006631691007657e-04
1.964016116420918385e-05
-1.508085592845802471e-05
-3.458932139099913511e-02
-1.037727284687580551e-05
5.813640224073510525e-06
-9.574434864325839789e-05
9.412178392375047378e-05
1.012731662671956538e-04
5.404679820184231376e-02
8.643112903336884131e-03
1.330845340894033374e-05
-1.695947612836985081e-06
-1.535757937223102411e-04
-7.298455830388717556e-05
-7.598852189238910527e-05
-1.359069344638264530e-02
-2.236571021003893201e-03
-1.103867738410678544e-05
-1.117200396515551590e-05
3.179148922854932468e-04
6.780680595659792245e-05
8.334056757186823229e-05
3.626163446002665311e-03
-1.804418418017922430e-05
-6.191715109783766204e-05
-2.684224962695522666e-07
-3.010872905753641335e-06
2.403379911496879469e-03
-7.364182835871177870e-06
-1.144901168382250723e-05
1.049021930159186027e-04
1.101136157783996192e-05
-3.325508462580193836e+00
4.610029009333723948e+00
1.492328508043239577e+00
3.787659347454931658e-02
-2.043269658092352170e+00
2.509212720547794984e+00
1.331906485438281385e+00
3.618120851225475665e+00
-7.019315748238608317e-05
5.816999110442317832e-04
1.644918835220811879e-04
-1.088411289890043568e-04
1.311410397038418035e-03
2.330079224601659248e-04
-5.365537999028199769e-05
3.163990006971996102e-03
6.966978258258112189e-05
2.900857155613031615e-05
-2.729244967689253409e-03
-3.959013548392420852e-05
1.713834316579184502e-05
-4.407321866100978765e-03
-3.967459364547849159e-05
5.661183071113244285e-06
2.814444764625456414e-03
6.755150920328354841e-06
2.281818793845632586e-05
6.477152392132481777e-03
-6.178616423002383956e-06
5.416029038053846552e-05
-2.322820533571682622e-04
-2.810083465079592918e-02
4.021197260151454533e-04
-5.462378335191649792e-05
3.474480061905777656e-05
-7.585655882930371406e-05
-5.252785033130174218e-03
1.121270664758512102e-04
-1.827626006407618957e-05
-1.490452177471900369e-05
1.032106281367110913e-05
-9.326158369240080542e-03
-2.096935852102847653e-05
4.410125416408552160e-06
-1.277409332069034088e-05
2.019580733172017902e-05
-1.219303062932363367e-02
-3.965266271047170364e-05
4.221079037359335302e-06
4.539135034816386566e-06
-3.296896259702482775e-06
3.869352298858958362e-03
1.366903200721520447e-05
1.138031531872859910e-06
8.467855690451394710e-06
1.863322057066717528e-05
1.900118417858967382e-03
-7.313169758146076246e-06
7.993631351983300129e-06
2.883709964519201932e-02
-3.628654762280551218e-05
1.270270080437516815e-05
5.817530092568187934e-05
-7.793100072228510244e-05
-6.825828360350504249e-06
-4.495341263474470633e-02
-1.655662852878292748e-02
1.420690782067248601e-05
-1.190682973280480151e-05
-9.286015316492836065e-05
6.113023301128088971e-05
8.298298340886467559e-07
2.579059473251378923e-02
1.472382232370981862e-02
-4.607219243039869144e-06
1.371518062419330267e-05
1.515962995191646144e-04
-7.363821804558256818e-05
1.525520376856566573e-06
-2.290869624672746060e-02
7.625889378127927726e-06
9.542545680473459455e-06
-6.437383284169152808e-06
-9.710125696089873201e-07
1.765882749574135269e-03
-1.271702142088941059e-05
-1.221113619609710415e-06
-4.489782897857815558e-06
-1.307325328007161556e-05
-2.807486175445573995e+00
1.891725082957951054e+00
-3.524424978980631451e-01
1.605083408529887956e+00
1.362190049646812007e+00
9.458397176758472913e-01
4.257373419296577866e-01
1.670568061805161930e+00
-1.312854560388639806e-04
2.804821603447017384e-04
-1.645772129658687626e-05
-3.204561781764902681e-04
1.914704629677887451e-03
-3.498015851909877429e-05
-3.080402884864461982e-06
-3.445966484921655307e-03
4.232785113512851179e-08
-6.063555906165239174e-07
1.695483475640515705e-03
5.779137364434000074e-06
-6.529790601143254273e-06
3.077691186857159540e-03
5.206029935549148891e-06
2.441782500573229237e-05
-6.369778542873742039e-03
9.984036630072089846e-06
-4.301150571751679859e-06
2.644706186580644955e-04
-9.374268937168470095e-02
-4.077998751812974583e-06
8.555166032878729044e-05
2.776040407744219320e-05
2.751920049557645895e-07
-2.107963549091091543e-02
1.025463319530143390e-05
-1.265456039553867690e-05
-9.263797452325063086e-06
2.283641830936763669e-05
-4.364344686303874010e-03
-6.105087102595923478e-06
1.070372880195759137e-05
-7.083737530848772775e-06
1.530965982263656335e-05
-2.622542907201463099e-03
-7.017354962111074641e-06
1.061110270032345561e-05
-7.458169875398732399e-06
3.308162149289403800e-05
-3.839058573081976632e-04
-8.340576069073853371e-06
1.551027639314159827e-05
7.958564518214526930e-06
-4.293619986138149015e-05
-5.440816941753302523e-04
6.216109251768455683e-06
-1.411505259087772597e-05
-3.465276768903850085e-02
7.614649750286331354e-05
8.465320180726755637e-05
-6.997030521303608790e-05
4.193726269978420286e-05
-1.393351360342686478e-05
5.394168955889756117e-02
8.710207959093777680e-03
-6.830909888314078355e-05
-7.289745245992915960e-05
-1.410343876973125729e-04
-3.271685500838619065e-05
1.959792845605039328e-05
-1.348472210646575568e-02
-2.320201996358449339e-03
6.759400262798146786e-05
9.910855318649245001e-05
2.687507500959707965e-04
3.168176367338784315e-05
-1.533676283333354931e-05
3.495532429264822452e-03
4.449129608265290693e-05
-7.466288413925486187e-05
-5.740222746165177183e-06
9.918284542623223565e-08
2.384659817044633683e-03
-3.007783184736613957e-06
-7.444557089571744203e-07
8.557644811623461194e-05
-2.593325927646703325e-05
-3.325503067941877333e+00
4.609971440541109189e+00
1.492327495780736646e+00
3.791252808057678225e-02
-2.043295632047164911e+00
2.509256668947538405e+00
1.331905385258916441e+00
3.618102531285757095e+00
2.007452141763495835e-07
7.499740759258271888e-04
-1.079109536275501956e-06
3.378666609815893203e-07
1.560935206789417894e-03
-1.815019265229059193e-06
1.817811397488463236e-07
3.283196100505860523e-03
-9.804828346377865461e-07
-8.356271478049968720e-08
-2.783381478975241984e-03
4.530391777784871944e-07
-4.198040013229503647e-08
-4.443543181350652696e-03
2.265217440454173966e-07
-1.050264809394194605e-08
2.805696044017393781e-03
6.065354987390234131e-08
-4.693628849108294521e-08
6.426411784741073267e-03
2.630949957139247068e-07
-7.848018717262074004e-07
-2.110219694866628877e-08
-2.753604063024399015e-02
-2.399906477359151730e-08
1.947314030581732321e-06
-2.977175038489783601e-07
-7.146384317197978303e-09
-5.059747560609394700e-03
-9.439842936430318002e-09
7.373594953084040088e-07
-2.835959258827132636e-08
6.029871892974841879e-10
-9.345552412213763149e-03
2.270190685530420103e-09
7.364286198535859421e-08
1.297313022248541263e-08
1.325346159830429251e-09
-1.225397879240006267e-02
3.920091707005531552e-09
-2.994416267141024640e-08
-2.456236894645838931e-08
-7.252506593860055668e-11
3.891777223704246877e-03
-2.275447585961652915e-10
6.079325939232544520e-08
2.533534439559973877e-08
1.952184638081263336e-09
1.874379522941888162e-03
4.584914348973379712e-09
-6.370563525003383022e-08
2.877918575086125391e-02
1.360121838563880020e-09
4.194903553474806787e-08
-1.163037496881624616e-05
-2.199805090080506332e-07
9.943827210804878747e-10
-4.505157360041506243e-02
-1.648975420203430478e-02
-5.899876556628503722e-10
-2.227281711431296414e-08
-5.312026298040693436e-05
1.155248219777886918e-07
-4.339467011814623981e-10
2.589933613064564558e-02
1.463382427488123770e-02
1.056725111362357848e-09
2.261415775516550440e-08
1.090364104339956459e-04
-1.177648363664051548e-07
-1.839588748235339067e-09
-2.305309011609050704e-02
4.969012484566160430e-08
-2.915121104762929936e-06
7.662925203482281328e-09
-1.979080885299612022e-10
1.765193036483558115e-03
-1.658916217361617491e-09
-1.835458041059564085e-08
-2.377176774364892842e-05
-4.830432472081238986e-08
-2.807486175366455505e+00
1.891725081191721003e+00
-3.524424977864017428e-01
1.605083406970511994e+00
1.362190050193442303e+00
9.458397183268136832e-01
4.257373419375867774e-01
1.670568061707372376e+00
7.947221272583571302e-05
2.804827392327562010e-04
-1.066422599668833201e-04
1.892479592331561212e-04
1.914705243222741913e-03
-2.635953986072459379e-04
1.469876766372074150e-06
-3.445966270647547736e-03
-2.784755446802451016e-06
-4.655111627568085143e-06
1.695482156654542962e-03
-3.281226129227241835e-06
-1.099763860481600933e-06
3.077689624777617868e-03
-7.841736423988042242e-06
-2.115740942810419349e-05
-6.369780544277840045e-03
1.527314888128897133e-05
7.190132227011956825e-05
-1.286641566954149578e-04
-9.374267943652143942e-02
2.311032664027498759e-04
-3.566538657515816056e-05
-2.483340557280006624e-05
-9.019527987259899973e-06
-2.107963837655507308e-02
-4.894353321881406886e-06
-1.772478704664191113e-05
1.331031620302301714e-05
-6.126178310649064605e-06
-4.364341977012338100e-03
2.283698572248683953e-05
3.135875755086700757e-06
1.234999910596011095e-05
-1.574350338145005020e-06
-2.622540308037797120e-03
1.677283082016230268e-05
1.128099252753644689e-06
1.664707450525210452e-05
-9.312084746749902514e-06
-3.839023074148855243e-04
3.282633207259382234e-05
-8.942852578552146995e-07
-1.539429318813738154e-05
1.607888190891691097e-05
-5.440849866863021241e-04
-4.029566546623327897e-05
-4.693807285097220661e-07
-3.465276323289757932e-02
-5.014323525547442751e-05
-7.860300054314395941e-05
-6.998129788972221391e-05
5.242929741801040855e-05
-5.900049435459507195e-05
5.394169695038052853e-02
8.710204335260162550e-03
5.111744734964827674e-05
6.479409317318764736e-05
-1.410275433398939680e-04
-4.670816241452413183e-05
4.938560342129780819e-05
-1.348472800453859831e-02
-2.320197882023270364e-03
-4.706306493659416729e-05
-7.700542957215941817e-05
2.687449366318639334e-04
6.991014598703687143e-05
-5.090338332507558322e-05
3.495538999345776995e-03
2.592202199047020884e-07
-7.466331809619201909e-05
2.340513121007632962e-06
2.555731216447409255e-06
2.384661208383495080e-03
1.591828008071787426e-06
5.255239785993974424e-06
8.557582780234733314e-05
5.134765538958954462e-05
-3.325507043641655613e+00
4.609984689767529176e+00
1.492330515992972728e+00
3.790270603005314876e-02
-2.043295692838809074e+00
2.509246265841245993e+00
1.331903052321933068e+00
3.618104910762470539e+00
-9.998720189178126740e-06
7.929032869397158786e-04
1.244829156898118498e-04
-5.639492892808416939e-07
1.592178592739086195e-03
1.610362073466004278e-04
3.036320474086209227e-05
3.227062133100904156e-03
1.378896628033493388e-05
-1.513921628596198329e-05
-2.757141979324227894e-03
-1.023555447235034374e-05
2.102047645343259559e-06
-4.458736796281133515e-03
-2.968297919707365296e-05
-1.278389228006205666e-05
2.837984933138726004e-03
1.902162440978985404e-05
-2.886460579051493652e-05
6.499541796005235857e-03
2.818313793033597027e-05
-1.868689849343142838e-04
6.410023199449345322e-05
-2.765534796248516475e-02
2.050096581133652651e-04
-5.864549882953704876e-05
-7.985475414535130848e-05
3.399908268411259922e-05
-5.131682427517877260e-03
3.902024390597629683e-05
-2.014802042437404257e-05
2.530136381275940245e-05
-7.450414670075294157e-07
-9.347294546846518504e-03
-1.359271815377287224e-05
5.085153523844071824e-06
2.298336182465839664e-05
-2.392210137659080544e-06
-1.225189315747815359e-02
-2.461705234342882121e-05
4.819773245217322645e-06
-2.334965882398345401e-06
-4.497461460050633183e-06
3.903553082984265871e-03
1.447438278525496749e-05
1.022825136060353313e-06
9.575737483893744469e-06
-2.208121497716801580e-05
1.926674956638122198e-03
1.978512998975576000e-05
8.011265795251348103e-06
2.885784479109333722e-02
2.215477407433499033e-05
3.457789055984376246e-05
-1.081341247604292199e-04
-9.240001719272163496e-05
-5.803601237360801250e-06
-4.492088898721123547e-02
-1.656545320782646519e-02
-1.297854813966620131e-05
-2.423433107648356250e-05
2.492890642785385242e-05
6.921504741682097880e-05
3.560757462225712180e-07
2.577678920769849169e-02
1.472174860691551936e-02
8.333390500770120204e-06
3.010935026561903919e-05
5.380955585118445648e-06
-8.451794457726993456e-05
1.736140596929168540e-06
-2.291197769450396132e-02
-6.199696254972617736e-06
5.836163664601065200e-06
4.524907755676635270e-06
9.977641561030374892e-06
1.734827389812712908e-03
-1.998840382804434370e-05
-1.052546166348788739e-06
-1.002411614128649988e-05
1.829546261913506748e-05
-2.807497654505682672e+00
1.891706232831906753e+00
-3.524540087090092810e-01
1.605089023742439114e+00
1.362183298584090041e+00
9.458311090659109466e-01
4.257377248201460462e-01
1.670576448322905527e+00
1.409387414861144873e-07
9.283770876561810116e-05
-6.881347440496115256e-07
4.228703676700461891e-07
1.498649709743505188e-03
-2.096741635271419554e-06
1.101479520566387334e-08
-3.414423171010861485e-03
-5.703840423503972553e-08
-1.676917473463698104e-08
1.713551797413297726e-03
8.007208650673982797e-08
-4.912164742227949917e-08
3.078620028848682785e-03
2.504047639929204875e-07
9.870300966028893013e-08
-6.302624461251751797e-03
-5.315946592153506330e-07
-1.185707176958154691e-06
-5.370964610247731382e-09
-9.347023530418917259e-02
-1.660157691027813385e-08
2.931838781193597849e-06
1.259281580176992482e-09
-1.938428075196627554e-09
-2.101755505397001969e-02
-3.245168427068303690e-09
-1.616573343636455877e-09
-1.613014863692902042e-07
3.645713097190670859e-10
-4.358203224113551232e-03
1.731304844554547091e-09
4.002792378835622687e-07
-1.041250527262756333e-07
9.159799647931172940e-10
-2.624578553467824763e-03
1.492129476026707054e-09
2.570089304286190327e-07
-1.405066403490639649e-07
9.176423656559280004e-10
-3.655689968537313770e-04
-1.168773953894087053e-10
3.460626212076653685e-07
2.207554050408834023e-07
-5.802133166936919957e-10
-5.839432099978919760e-04
2.959942522557420846e-09
-5.474422913420502572e-07
-3.467660982455223612e-02
-2.651605682234606810e-09
-2.151851611964180922e-08
7.668838646473585905e-05
4.131888844894889427e-08
2.186855846903936953e-09
5.390293234053787630e-02
8.703561923180128113e-03
-1.202501140144650982e-09
1.658422210705442238e-09
-2.914911506029790943e-04
4.750429233323510316e-08
4.122712650907428858e-09
-1.349461261303518816e-02
-2.298933505323831790e-03
2.879459220978950203e-09
1.529627553177724199e-11
4.669996959022148196e-04
-5.970373816362748779e-08
-9.910108710330482289e-09
3.528421581509059556e-03
5.777248655289123928e-08
-4.330378688522950367e-05
3.161070246939431445e-08
5.308546475877385873e-10
2.395435168781187389e-03
1.256469992175035916e-09
-7.794177086213756652e-08
1.349460388233319650e-04
-6.677114635176829276e-08
-3.325507043789672768e+00
4.609984691815152580e+00
1.492330515978239180e+00
3.790270468084139255e-02
-2.043295691761136457e+00
2.509246264098406787e+00
1.331903052401267384e+00
3.618104911503804200e+00
1.140596177967069264e-04
7.928947091925076050e-04
-5.504631586586638213e-05
1.418511528719723180e-04
1.592166301546224516e-03
-8.248120296153535350e-05
-2.105243054019211856e-06
3.227056780056017024e-03
-3.449701520685452549e-05
-1.819316858418552913e-06
-2.757139666991977739e-03
1.883344281338961837e-05
-2.702124236040670126e-05
-4.458734849315344403e-03
1.332885169388033868e-05
2.279626479661960836e-05
2.837985034535089966e-03
1.636681462108643859e-06
3.853734223490061625e-05
6.499543503852469283e-03
1.124928018895808632e-05
1.447508182523486308e-04
1.455397251924350234e-04
-2.765537267896843107e-02
-1.580865267820393666e-04
-1.288473231030154474e-04
5.757474485267961774e-05
1.680810297521494938e-05
-5.131691645401009402e-03
-4.897257717263420824e-05
-5.769103519028728939e-05
-1.703529915465466698e-05
-1.140285330784913088e-05
-9.347293743784566497e-03
7.447311927749429767e-06
1.949528858195091679e-05
-1.567411625025798153e-05
-2.012946296975428619e-05
-1.225189040371892427e-02
1.439028588647153556e-05
1.743026825405211375e-05
2.974726795734187595e-07
1.478519128442776567e-05
3.903551974278365345e-03
-3.345768156118156765e-06
-2.420387731815411736e-06
-1.174480060026745514e-05
2.817061484882341489e-05
1.926675794027573815e-03
9.231109963547352106e-06
4.166343662434553756e-06
2.885784869174131892e-02
-6.048268651551539645e-06
-9.706220261824947623e-05
-1.081301092588305627e-04
1.598206711691383376e-05
2.208115513281447290e-05
-4.492088256776843869e-02
-1.656545714901214855e-02
6.180061796255282425e-06
7.193064234069916922e-05
2.492628348258531809e-05
-1.348136107304186284e-05
-1.141350268867244048e-05
2.577678298516262317e-02
1.472175343464392737e-02
-5.670828051681417031e-06
-8.811925801986650070e-05
5.383969180455317523e-06
1.604535847211796274e-05
6.342325991804166494e-06
-2.291197023129492097e-02
1.905504571036349963e-05
5.836707569572968013e-06
-1.355305934517282490e-06
-2.229863746734086545e-05
1.734827730135684101e-03
1.355716884350916478e-06
4.409291467520482198e-06
-1.002331981473052051e-05
-3.812038726634304611e-06
-2.807487714905083642e+00
1.891701188873933681e+00
-3.524427028258083627e-01
1.605071940631119798e+00
1.362192028217572570e+00
9.458416900500162816e-01
4.257371785419219457e-01
1.670571250878820635e+00
-4.309799741178488926e-05
1.871506403180435375e-04
-2.512975664761622188e-05
-9.616728993489192070e-05
1.699442670990084035e-03
-7.381220625160852904e-05
-2.523984521979443535e-07
-3.428990186990932103e-03
-1.660218000559634957e-06
8.998353421060040680e-06
1.691190425985345273e-03
-1.236581378537339560e-05
6.964981739581263817e-06
3.062413777124690928e-03
-1.320093888817020845e-05
2.024620470771692577e-05
-6.353279948281297974e-03
-1.229533312460784792e-05
-1.650189630927488733e-04
2.978513596443056472e-05
-9.350602233290801479e-02
1.257739339795490316e-04
-3.958874880749374125e-05
-1.455023841751771751e-05
1.641972793959141738e-05
-2.107437805820233309e-02
-2.183003928977001807e-05
-1.755018365434124280e-05
-7.949455836706069900e-06
-6.622830028150336081e-06
-4.335220951862259024e-03
2.318063894191572493e-05
2.779913941761855226e-06
-1.106067512293906562e-05
-9.105508333021385836e-06
-2.597877361911293641e-03
2.177884051801275164e-05
7.351863371599783265e-07
-2.040211638832336544e-05
-8.775107513652470853e-06
-3.389769194485516934e-04
3.246413488407473422e-05
-1.515863756087928362e-06
1.664192118819489641e-05
4.032050984100811293e-06
-5.964069127183172208e-04
-3.229511160907341176e-05
6.520763862718532847e-08
-3.458930720537399528e-02
-8.251773655871692792e-05
7.852527275554709572e-05
-9.575883883143783675e-05
-5.202155039046457041e-05
-5.959590895142844846e-05
5.404682065568446048e-02
8.643100560608862198e-03
5.915783112409148158e-05
-6.238709607683562593e-05
-1.535675299584979183e-04
3.800956520318618921e-05
4.950952189360457545e-05
-1.359071305253745435e-02
-2.236556594472735582e-03
-6.666056547253132361e-05
6.434621845064859901e-05
3.179094799790342825e-04
-2.429345154579550824e-05
-5.122882968932488486e-05
3.626186244325612686e-03
1.869451242186982276e-05
-6.191683111701862621e-05
1.002840306898311059e-05
-4.872429945109588091e-06
2.403382155283481300e-03
6.289796720350263656e-06
5.345603084142762189e-06
1.049027945478767175e-04
1.007695877935998891e-05
-3.325508463278010307e+00
4.610029016345488451e+00
1.492328507805053439e+00
3.787658897776192968e-02
-2.043269654577653416e+00
2.509212715220620726e+00
1.331906485741636503e+00
3.618120853608936649e+00
-1.079503239081462169e-04
5.816723857742086765e-04
-1.448300690097920832e-04
-1.483757890694378703e-04
1.311372374302003123e-03
-2.137789495481475204e-04
-3.406293112226160320e-05
3.163977548606100761e-03
-8.292350156048783631e-05
2.003688148928551156e-05
-2.729239504846113322e-03
4.566601002853219661e-05
2.591357633218109021e-05
-4.407315374614781227e-03
3.505591195477932031e-05
-8.643909403818712255e-06
2.814443249688057362e-03
1.622885305002438937e-06
-5.906196497196143805e-06
6.477153335687328879e-03
2.328050285980139695e-05
-7.724105082906158274e-05
-2.320505161218047209e-04
-2.810090522333674734e-02
-4.022315460956202944e-04
-1.732901188924633481e-05
-3.428348034285278400e-05
-5.916382749020008240e-05
-5.252806102788359910e-03
-1.217600329842335490e-04
-2.009235979574235329e-05
1.116511703543788735e-05
1.299710514071301460e-05
-9.326155502977658690e-03
1.942593276019974821e-05
1.078439625172639988e-05
1.008764971664724341e-05
2.423767287546886324e-05
-1.219302218793119445e-02
3.732108107613832680e-05
8.914827679975881799e-06
-1.373669958982459908e-06
-1.018678111866168767e-05
3.869348126296340892e-03
-9.690939527937818534e-06
-4.429235993752544197e-06
2.780473515555465633e-06
-2.980823915412457552e-06
1.900117638835412733e-03
1.979463626516147573e-05
-1.140321992848864633e-05
2.883709974880781582e-02
1.223555097748006159e-05
6.099651167151656816e-05
5.819379357896578217e-05
4.960712551704357128e-05
3.483352372997194435e-05
-4.495341191883685250e-02
-1.655663033169122236e-02
-6.386008635908001126e-06
-4.690829908037805657e-05
-9.287256045042259012e-05
-4.068914530035085565e-05
-1.271652714863861196e-05
2.579059173762597579e-02
1.472382621376020807e-02
3.627911726541947773e-06
5.683255024253359181e-05
1.516113421091762835e-04
4.850676594362514772e-05
3.224057944385270487e-06
-2.290869011355304782e-02
7.537940145008135443e-06
9.543448249868812682e-06
2.189009961849729638e-06
1.149506290365445076e-05
1.765885526692930613e-03
5.517180951037514583e-06
6.163271603908608368e-06
-4.488481324190185056e-06
1.302394743227591171e-05
-2.807487714142368862e+00
1.891701190665857402e+00
-3.524427019189586008e-01
1.605071940787769380e+00
1.362192028457133830e+00
9.458416904521199653e-01
4.257371784228607958e-01
1.670571250395470830e+00
5.811256063132502129e-07
1.871620458007247525e-04
4.897190389008531384e-05
-1.341814906181845352e-05
1.699467839253773760e-03
1.173998770827490315e-04
-1.245650021072414604e-06
-3.428992136626018723e-03
9.729673325393125675e-07
-1.530182477693703598e-05
1.691189367948917922e-03
-1.498601993968162327e-06
-1.520510505487991331e-05
3.062413871417417333e-03
9.069269454304049337e-07
-2.015843876426789153e-05
-6.353283825309408855e-03
-1.208867446107619864e-05
1.175818232534212558e-04
9.405547584950016372e-05
-9.350603986311777083e-02
-8.873328722942456321e-05
-1.176461237099306101e-04
2.248018521687191802e-05
-2.711320216842781443e-05
-2.107438194790698521e-02
-3.301172688394455484e-06
-3.825004043571038446e-06
1.672338214245631916e-06
2.338587817513249049e-05
-4.335221671305863542e-03
-5.859546915821068431e-06
-7.532078186161980356e-06
4.961119427964661349e-06
2.341352415315382056e-05
-2.597877478518218711e-03
-3.008866120627823391e-06
-9.467698024309342819e-06
1.160532998511789630e-05
3.250446209600583433e-05
-3.389782475030538381e-04
-8.642598511789380765e-06
-1.626445120364946082e-05
-8.522342807398513415e-06
-2.998964883276154623e-05
-5.964041025402591926e-04
1.266879665038745073e-05
1.336276367717602662e-05
-3.458930902346881581e-02
9.289087424201581647e-05
-8.436791285524857247e-05
-9.576677152820574791e-05
-4.191447601907010074e-05
-4.163587498240668239e-05
5.404681864237965983e-02
8.643102790479374395e-03
-7.247159328124641424e-05
6.406017709039525188e-05
-1.535589732101217395e-04
3.506884924598019691e-05
2.646794895730713237e-05
-1.359070966442303859e-02
-2.236559570602919891e-03
7.771052939137389085e-05
-5.314651708388767990e-05
3.178980645496463876e-04
-4.364324404150730073e-05
-3.211391793275021237e-05
3.626181558682102773e-03
-4.742534325988975144e-07
-6.191787811392720402e-05
-9.665963569294554604e-06
7.882468335978075227e-06
2.403381580269040290e-03
1.074001073442750246e-06
5.865061698599541510e-06
1.049010275318916469e-04
-2.128369548747032126e-05
-3.325507043737701451e+00
4.609984694123033577e+00
1.492330515663268908e+00
3.790270347945767782e-02
-2.043295690182663105e+00
2.509246262677904404e+00
1.331903052762396955e+00
3.618104912347641200e+00
-1.034596829348191562e-04
7.928804631033065011e-04
-7.267952067288738704e-05
-1.402702142542932456e-04
1.592149275265594341e-03
-8.400024545331607421e-05
-2.770083736696451069e-05
3.227057025890098848e-03
1.778337853590897691e-05
1.670208939832228885e-05
-2.757140180879092024e-03
-7.247020272254415748e-06
2.479341831471347006e-05
-4.458731115191216440e-03
1.703495837487494305e-05
-1.004808657381822947e-05
2.837981573357485458e-03
-2.048337827125907000e-05
-9.823351856356670006e-06
6.499537235978144686e-03
-3.865909105922529511e-05
3.975327514094457749e-05
-2.096784387156830657e-04
-2.765538820249778193e-02
-4.696593542622286532e-05
1.934313822511065121e-04
2.138199762832965155e-05
-5.081654406016663822e-05
-5.131693071097821746e-03
9.940858045549105348e-06
8.009393791800157247e-05
-8.349752305803481237e-06
1.214929724243961077e-05
-9.347292416258441011e-03
6.152124305626413377e-06
-2.437375436330956264e-05
-7.269240678181939467e-06
2.252454589688303917e-05
-1.225188744263736376e-02
1.023780453107996083e-05
-2.235263433525065633e-05
1.963996590542723102e-06
-1.028931102411055397e-05
3.903549227325531310e-03
-1.113193825696563361e-05
1.581389956177080708e-06
2.246276550536672293e-06
-6.090865269766439989e-06
1.926670531206058209e-03
-2.901439278408527976e-05
-1.237296556302163541e-05
2.885783928595568593e-02
-1.610213875459352799e-05
6.262073442024337704e-05
-1.081145360987568332e-04
7.577824052512270559e-05
-1.628852700605916431e-05
-4.492089784658612889e-02
-1.656544880021196611e-02
6.796222148697809163e-06
-4.777045773113911621e-05
2.491459748752610165e-05
-5.540135769001053876e-05
1.106375732186920947e-05
2.577679612629710584e-02
1.472174455961327774e-02
-2.658853931384319106e-06
5.808691933256567372e-05
5.398982544814652246e-06
6.813690566753562226e-05
-8.088555172846714845e-06
-2.291198399977270941e-02
-1.271667641390114441e-05
5.836098811795538363e-06
-3.146511525110002954e-06
1.232348954059928471e-05
1.734831538341117608e-03
1.863322871767263527e-05
-3.414522018921587643e-06
-1.002434548284807344e-05
-1.463230241515531074e-05
-2.807486174239143040e+00
1.891725085519888827e+00
-3.524424967099807904e-01
1.605083408099863052e+00
1.362190050382335205e+00
9.458397186535144607e-01
4.257373418840948442e-01
1.670568060769018537e+00
5.220972496092558845e-05
2.805057860802302174e-04
1.209730716603185706e-04
1.324157406678296792e-04
1.914756626448890255e-03
2.921364526394383781e-04
1.643346140847695415e-06
-3.445970536381088006e-03
2.569938229332333195e-06
5.214158920193392066e-06
1.695481072318977831e-03
-2.253774238679050073e-06
7.483879221691902618e-06
3.077691172439729183e-03
3.388217532021985252e-06
-2.954781847927974114e-06
-6.369786944603419467e-03
-2.683574209188666890e-05
-7.114409427688069020e-05
-1.357880457816573771e-04
-9.374272353473701858e-02
-2.269767266818090905e-04
-4.102603372138550304e-05
-2.924315381477064093e-06
8.744334163832831399e-06
-2.107964356371054213e-02
-5.362768024735694466e-06
3.036369951852372690e-05
-4.529043471237342020e-06
-1.670941967428158219e-05
-4.364345600550820388e-03
-1.672223452149068103e-05
-1.263006129421597052e-05
-5.577172872795974225e-06
-1.373441676630074519e-05
-2.622542762508265572e-03
-9.750055658822155507e-06
-1.095980239369418858e-05
-9.608245393784526565e-06
-2.376692992797162479e-05
-3.839082549024537159e-04
-2.447929515687528000e-05
-1.356571022299339220e-05
8.096205784368757806e-06
2.685315547193782955e-05
-5.440766173410317014e-04
3.407636563266029460e-05
1.293067348454283343e-05
-3.465276873507631972e-02
-2.601050420198206919e-05
-6.079160460492553361e-06
-6.998858973378003362e-05
-9.418080989043456570e-05
7.292568176944798201e-05
5.394168830038627988e-02
8.710212863163049879e-03
1.718858396133886803e-05
8.079689729865427352e-06
-1.410156931031323734e-04
7.951689908004286680e-05
-6.895264284551567003e-05
-1.348471472444853249e-02
-2.320209550552765863e-03
-2.052222545671795255e-05
-2.207140743493800746e-05
2.687259238327748597e-04
-1.017111330565400858e-04
6.619498373092223917e-05
3.495520837203059707e-03
-4.455666160527301331e-05
-7.466729746211171379e-05
3.494054746713101885e-06
-2.655073319339584072e-06
2.384658351077970518e-03
1.417427705156966422e-06
-4.744872979943115716e-06
8.556949794472380462e-05
-2.560180250321182315e-05
-3.325508462386525643e+00
4.610029007571961657e+00
1.492328507858452946e+00
3.787659456942807368e-02
-2.043269658691524882e+00
2.509212721905067500e+00
1.331906485486785474e+00
3.618120850727878146e+00
1.787870748405911568e-04
5.817017880821015365e-04
-2.285129658288274275e-05
2.582929727151194160e-04
1.311414518758308775e-03
-2.460043245199760074e-05
8.829029132280940553e-05
3.163994371062773224e-03
1.034711582939052045e-05
-4.931055203638910175e-05
-2.729247217062428978e-03
-4.735474563014585028e-06
-4.318727161032673702e-05
-4.407322049259233820e-03
5.286369534989894085e-06
2.949120647356026475e-06
2.814443296876480236e-03
-8.198834310020114823e-06
-1.706327817472308279e-05
6.477148443563300953e-03
-1.632563867616205363e-05
2.072092865825625254e-05
4.643908834515238140e-04
-2.810081853731644097e-02
1.855024006099833232e-07
7.785076762566237030e-05
-1.357311412344658139e-06
1.350374184344370983e-04
-5.252777815586556764e-03
9.651225171050893933e-06
4.060947883953423696e-05
3.655250430619988667e-06
-2.332194582892756129e-05
-9.326158531827197923e-03
1.543649436833533890e-06
-1.498399722995847202e-05
2.725977084400907595e-06
-4.444034983305258994e-05
-1.219303191417385121e-02
2.330490414041846523e-06
-1.323482093615227581e-05
-3.238872531436539195e-06
1.348567841257388891e-05
3.869352252821298133e-03
-3.976337397502667014e-06
3.475561402544905379e-06
-1.117131826223949481e-05
-1.565474722974164037e-05
1.900115835034859365e-03
-1.247822136111342290e-05
3.219422329345337070e-06
2.883709570772303651e-02
2.405494712131757553e-05
-7.358314713957036092e-05
5.817769022337760743e-05
2.765356197815971797e-05
-2.802191065996040574e-05
-4.495341941609534014e-02
-1.655662507226349223e-02
-7.822908889011137261e-06
5.875688373211846062e-05
-9.286250508188230337e-05
-2.008527306294256609e-05
1.189300445497859808e-05
2.579060067708542972e-02
1.472381865000936714e-02
9.828209240974420603e-07
-7.049001848554268407e-05
1.515995691366927266e-04
2.476735159672668353e-05
-4.758430771359722152e-06
-2.290870259383216007e-02
-1.502321655710201012e-05
9.542249922335466048e-06
4.271343074668002639e-06
-1.052514617199048149e-05
1.765883920673889549e-03
7.194693339210228914e-06
-5.000454556126353310e-06
-4.490280625658993686e-06
-9.929366850745018828e-08
-2.807487715508609760e+00
1.891701192177429158e+00
-3.524427036470026420e-01
1.605071943406955137e+00
1.362192027319472754e+00
9.458416889870993050e-01
4.257371785820897592e-01
1.670571250903978067e+00
4.392485227570788828e-05
-1.871536315685769659e-04
-2.420501386278769068e-05
9.866527200144735790e-05
-1.699450807864291875e-03
-7.100164957203141086e-05
3.189015332005482115e-07
3.428990765853149811e-03
-1.584148063552266509e-06
-9.092747528544952863e-06
-1.691192454970103041e-03
-1.247518194346939669e-05
-7.254666888148077802e-06
-3.062416411662853642e-03
-1.353702927240943501e-05
-1.964080287512343177e-05
6.353278107692080477e-03
-1.159145147705617942e-05
1.658162305086239609e-04
2.981781421692816271e-05
-9.350604418074436042e-02
-1.257977815377815960e-04
-4.504019959926250849e-05
1.454778484177289240e-05
1.641968761767215195e-05
-2.107437502318785377e-02
2.183031871304485339e-05
-1.755229490325825050e-05
8.058085830324065947e-06
-6.618395511804774838e-06
-4.335225606530711782e-03
-2.318107775818277686e-05
2.039509226583398100e-06
1.113110372833275944e-05
-9.103192065262952752e-06
-2.597881720965253879e-03
-2.178002132180743627e-05
2.584815368756085391e-07
2.049715791195099557e-05
-8.771537611466579586e-06
-3.389831663322830199e-04
-3.246804982847884186e-05
-2.159135865836372381e-06
-1.679036247424072024e-05
4.029010950503489092e-06
-5.964006770768537531e-04
3.230183997642399569e-05
1.079429155457909588e-06
3.458932138977422605e-02
-8.251651449719692893e-05
-7.860495422691019722e-05
9.574445116846200254e-05
-5.209562288014035818e-05
5.962357105761811199e-05
5.404679834734155142e-02
-8.643112860819493481e-03
5.915377690093394006e-05
6.235846890121860898e-05
1.535757332608701602e-04
3.796101297448893310e-05
-4.951972448011204917e-05
-1.359069355790918331e-02
2.236571001234285809e-03
-6.665571934966673870e-05
-6.430838651348901546e-05
-3.179148756481582909e-04
-2.422816838486863573e-05
5.123006018167175518e-05
3.626163516851208489e-03
-1.855827696446438129e-05
-6.191716748662687286e-05
-1.004934676203096973e-05
-4.872107105816284966e-06
2.403380199423895466e-03
-6.289597584031270355e-06
5.492045433050843210e-06
-1.049021847848201285e-04
1.012114489629698053e-05
-3.325508462609970461e+00
4.610029009155608648e+00
1.492328507984815200e+00
3.787659351613671677e-02
-2.043269658135244971e+00
2.509212720621771808e+00
1.331906485426521902e+00
3.618120851196391818e+00
-1.775508586273508659e-04
-5.817001133875015269e-04
-2.145648006567341438e-05
-2.562115113955463564e-04
-1.311410711656109960e-03
-2.224429764690484372e-05
-8.716343267631389096e-05
-3.163989690195631414e-03
1.163174139151121304e-05
4.879033777723913387e-05
2.729244979592670463e-03
-5.326916812603838122e-06
4.292839042382658236e-05
4.407321822895142287e-03
4.995185628069216151e-06
-3.019549361090494321e-06
-2.814444805792083379e-03
-8.280340438687508364e-06
1.675995090717749951e-05
-6.477152367645673363e-03
-1.667198688960024310e-05
-2.022565493862716604e-05
4.643868748124957814e-04
-2.810083438410817744e-02
-1.023013382778131409e-07
7.421577397434410796e-05
1.544810124416616438e-06
1.350331925171000598e-04
-5.252784910931661624e-03
-9.630177800795700711e-06
3.922805581398837758e-05
-3.633121692726824904e-06
-2.332054366564176220e-05
-9.326158493382747175e-03
-1.546382429892499377e-06
-1.511275624870728444e-05
-2.731625621595075698e-06
-4.443813985029571544e-05
-1.219303059823026621e-02
-2.336254765915870573e-06
-1.317320068382489360e-05
3.255162441346467181e-06
1.348618754019216960e-05
3.869352304634158558e-03
3.979324492783430590e-06
3.361965194847541072e-06
1.115664845880532532e-05
-1.564999381042066142e-05
1.900118442305852220e-03
1.248026772508553708e-05
3.336551167108818694e-06
-2.883709939426863308e-02
2.405462966010878239e-05
7.384152038744595749e-05
-5.817532327569922401e-05
2.796469274616532796e-05
2.801217699290115204e-05
-4.495341282649352455e-02
1.655662845179849477e-02
-7.822127288516934811e-06
-5.889369005267002069e-05
9.286020130670958510e-05
-2.025355355952739673e-05
-1.188864585968580658e-05
2.579059485694336698e-02
-1.472382227964693681e-02
9.824865226553450915e-07
7.063008433535984199e-05
-1.515963884658367991e-04
2.494146155153760753e-05
4.752755651785645720e-06
-2.290869636576264509e-02
1.513468668174772975e-05
9.542551383714586907e-06
-4.276208820579352796e-06
-1.052775300210221465e-05
1.765882896788700026e-03
-7.199431867865235398e-06
-4.964384079368996154e-06
4.489780053590343153e-06
-6.756912276086773347e-08
-2.807486175611481727e+00
1.891725082729450280e+00
-3.524424980994856904e-01
1.605083408335679085e+00
1.362190049661819335e+00
9.458397177177149118e-01
4.257373419770464351e-01
1.670568061824285966e+00
-5.139045037250381806e-05
-2.804822589912668845e-04
1.219255947961528103e-04
-1.299357517596042965e-04
-1.914704341777819733e-03
2.950136341372162105e-04
-1.576892993437243263e-06
3.445966651023219234e-03
2.646623638312952608e-06
-5.308016853167982601e-06
-1.695483251823234807e-03
-2.364435939667590924e-06
-7.773385764598696022e-06
-3.077691202241520860e-03
3.052008683746175474e-06
3.562459846955401088e-06
6.369778573770993810e-03
-2.613865827006084890e-05
7.193753907668159488e-05
-1.357669663035399792e-04
-9.374268885183367761e-02
2.269992790188439719e-04
-4.650096201310442999e-05
2.920986442077934883e-06
8.743155071324102507e-06
-2.107963548426894373e-02
5.365644587463578577e-06
3.036847731868264413e-05
4.637593873958910308e-06
-1.670536330969654988e-05
-4.364344579434603633e-03
1.672437209314069366e-05
-1.337459314463013188e-05
5.647501892952938549e-06
-1.373203683027777341e-05
-2.622542886388217441e-03
9.749875921647691186e-06
-1.144027339653053318e-05
9.703035058809910044e-06
-2.376396635789734127e-05
-3.839059549148061143e-04
2.447923602814183568e-05
-1.421409967448395426e-05
-8.244372576724010563e-06
2.685141955874128608e-05
-5.440817076589702381e-04
-3.407578256994404925e-05
1.394980661854817761e-05
3.465276780010818208e-02
-2.600648066237427029e-05
6.007915323078953955e-06
6.997048562106759212e-05
-9.428057978923714058e-05
-7.291155891400388517e-05
5.394168910353407120e-02
-8.710208083110206750e-03
1.718226669687081097e-05
-8.115111453725449376e-06
1.410344740997900850e-04
7.948954300393082525e-05
6.895638848737705546e-05
-1.348472195186095450e-02
2.320202083212630738e-03
-2.051499971130442152e-05
2.211706412807681304e-05
-2.687508088691318306e-04
-1.016714570444115769e-04
-6.620651800716572223e-05
3.495532342425589165e-03
4.470457549727342315e-05
-7.466288004849356284e-05
-3.514778204460705377e-06
-2.654407980311157224e-06
2.384659788643138986e-03
-1.418007806907998526e-06
-4.598926163138354639e-06
-8.557645875961029198e-05
-2.556385580440955941e-05
-3.325503068003043960e+00
4.609971440545071353e+00
1.492327495742547860e+00
3.791252803636206703e-02
-2.043295632089694891e+00
2.509256668949874314e+00
1.331905385242038165e+00
3.618102531275376954e+00
1.034261246028062855e-06
-7.499740450352910745e-04
3.654729397976535437e-07
1.739774715240098184e-06
-1.560935094803747808e-03
6.144627146161468629e-07
9.396515729091135386e-07
-3.283196358461980095e-03
3.324523049429488760e-07
-4.339477608928396076e-07
2.783381463492561742e-03
-1.540322506061743305e-07
-2.170074040768046748e-07
4.443543221371659170e-03
-7.685872517331578736e-08
-5.780162734425876092e-08
-2.805695964293537792e-03
-2.121463280111980117e-08
-2.512461540612936348e-07
-6.426411744402780665e-03
-9.080801852329744520e-08
1.293360473472948103e-06
-1.026411155283273968e-08
-2.753603969193178791e-02
-3.019962754083573415e-08
-1.652468327475176847e-06
4.894558484171222915e-07
-4.587969279042587996e-09
-5.059747905669058701e-03
-1.092296807600294385e-08
-6.266495170410993203e-07
4.955019269468378684e-08
1.653075239339628977e-09
-9.345552616290605380e-03
1.670521893038916483e-09
-6.138769156080313460e-08
-1.945829469281964967e-08
2.716346829478771757e-09
-1.225397896974201976e-02
3.124295326838718085e-09
2.613957724252483784e-08
4.035406068746469628e-08
-1.523212214980166224e-10
3.891777324354192286e-03
-1.846283172421658785e-10
-5.162365350946748574e-08
-4.246648743769205733e-08
3.004406382635288216e-09
1.874379612753641466e-03
3.971980730709948351e-09
5.377602139131768874e-08
-2.877918632243062561e-02
-1.543926689631942266e-09
2.114247609600039601e-07
1.163070434050052400e-05
7.371095808716836965e-08
-7.187451305445129827e-10
-4.505157323414252929e-02
1.648975459956843539e-02
6.703459036026670802e-10
-1.111396633127899938e-07
5.312029034986815107e-05
-3.850057466986332564e-08
3.295743999358234887e-10
2.589933590843358432e-02
-1.463382473674052636e-02
1.072447185563334115e-09
1.132423725173286964e-07
-1.090364101568043172e-04
3.932115448763331546e-08
-1.874371023980544074e-09
-2.305308988545501370e-02
6.675300796618324669e-08
-2.915132637097148712e-06
-1.206086681962794061e-08
-1.336784580498364058e-09
1.765192919560004377e-03
-1.006627247317347208e-09
1.582743073739215037e-08
2.377176879264235364e-05
-1.877295189025810034e-08
-2.807486175201559409e+00
1.891725081246294904e+00
-3.524424975584993791e-01
1.605083406890362774e+00
1.362190050176477873e+00
9.458397183498038485e-01
4.257373419359229416e-01
1.670568061710942853e+00
1.320911883929084304e-04
-2.804827845980079580e-04
-1.550420626035205906e-05
3.229047081116065117e-04
-1.914705217401753120e-03
-3.209676213295501119e-05
3.146648526190449564e-06
3.445966279560411238e-03
1.192526758600057612e-07
5.140720973465039008e-07
-1.695482134327274890e-03
5.672196001501783888e-06
6.241273266685267519e-06
-3.077689614428941092e-03
4.873507771177115790e-06
-2.380569832567661537e-05
6.369780566897846608e-03
1.068600361837652567e-05
5.064732874189399538e-06
2.644733811910275688e-04
-9.374267912581808748e-02
4.125190394101606263e-06
8.010125137039545719e-05
-2.776689659870310321e-05
2.711272376017731306e-07
-2.107963831530975871e-02
-1.025832340783794385e-05
-1.264401682069719537e-05
9.371094190946677312e-06
2.284049848909725465e-05
-4.364341986650264842e-03
6.113066275309744411e-06
9.959185116597361605e-06
7.152076330545410442e-06
1.531287182540692324e-05
-2.622540283951650848e-03
7.022986858999032912e-06
1.013142664972425944e-05
7.549192739156529670e-06
3.308447662889810322e-05
-3.839022539972852658e-04
8.348666751356180306e-06
1.486405836489689510e-05
-8.103836943675957801e-06
-4.293650241746062524e-05
-5.440849722052165226e-04
-6.223121695973944955e-06
-1.309731955937572630e-05
3.465276263063940543e-02
7.616753659861999384e-05
-8.470668042117850539e-05
6.998159778275633933e-05
4.185750699684315847e-05
1.392506452511833796e-05
5.394169730534113111e-02
-8.710204322422093401e-03
-6.832790636107809374e-05
7.284753532389198793e-05
1.410275746560937641e-04
-3.275928712037674562e-05
-1.957621886969533403e-05
-1.348472807035389943e-02
2.320197982832233104e-03
6.761515169682484269e-05
-9.904669897299081505e-05
-2.687450043199035143e-04
3.173365955053293868e-05
1.530614596574064271e-05
3.495538979890007968e-03
-4.433872978324369105e-05
-7.466334263739417873e-05
5.721401548795023513e-06
1.006880614775880305e-07
2.384661340670858436e-03
3.009244264590756751e-06
-6.007527164912429335e-07
-8.557582079776507550e-05
-2.589844618713993071e-05
-3.325507043928362716e+00
4.609984690043373412e+00
1.492330515914789490e+00
3.790270565222181309e-02
-2.043295692976651701e+00
2.509246265779807139e+00
1.331903052287270572e+00
3.618104910798058071e+00
-1.128047023713714988e-04
-7.929033230170713913e-04
-5.358307326094455047e-05
-1.397434880517171027e-04
-1.592178790562880650e-03
-8.003062755384445230e-05
3.239672398503740779e-06
-3.227061808671131612e-03
-3.318938019812020984e-05
1.294788506926207548e-06
2.757142096240894347e-03
1.822853548024859824e-05
2.675733644362249868e-05
4.458736780658010927e-03
1.302094993782143849e-05
-2.286517620932983764e-05
-2.837985040277745015e-03
1.560400672882571722e-06
-3.883966476762848907e-05
-6.499541851134717566e-03
1.090607853418940072e-05
-1.442229168795716992e-04
1.454934532888896704e-04
-2.765534694076014072e-02
1.580172473267388029e-04
-1.325097741159457173e-04
-5.737571144835043304e-05
1.679295394781940348e-05
-5.131683106782920778e-03
4.895420613622602807e-05
-5.908205542225505007e-05
1.705461073619157612e-05
-1.139910575085407491e-05
-9.347294697979921171e-03
-7.441591700500361843e-06
1.936910249371646305e-05
1.566578251288529267e-05
-2.012286817840189558e-05
-1.225189329883360351e-02
-1.438025197122990310e-05
1.749427685987304910e-05
-2.816924917717037262e-07
1.478390559765293185e-05
3.903553062184121712e-03
3.342281355834371903e-06
-2.533492874716923346e-06
1.172583622228193569e-05
2.817502941949233167e-05
1.926674807856936259e-03
-9.230321595848829549e-06
4.287246877692472211e-06
-2.885784507341887864e-02
-6.051296899783180914e-06
9.730977086608233798e-05
1.081342243363410264e-04
1.625451748775987197e-05
-2.208838311993564064e-05
-4.492088881320750043e-02
1.656545337505692037e-02
6.180879099274859726e-06
-7.205920746065388983e-05
-2.492899612932059300e-05
-1.361988717012852843e-05
1.141777414286606555e-05
2.577678904543283592e-02
-1.472174878460998440e-02
-5.670210937871365359e-06
8.824941660651844963e-05
-5.380946573990989454e-06
1.618343894544339216e-05
-6.348847236920771324e-06
-2.291197749613850532e-02
-1.894414567892632319e-05
5.836164178536579694e-06
1.350904298593176094e-06
-2.229928805655630750e-05
1.734827291476969931e-03
-1.353310762918776953e-06
4.444952919919060184e-06
1.002411968328260642e-05
-3.778748793222558536e-06
-2.807497654568588796e+00
1.891706233262455239e+00
-3.524540087633800112e-01
1.605089024170534895e+00
1.362183298483325089e+00
9.458311089385621484e-01
4.257377247858937785e-01
1.670576448312496520e+00
6.668284095688179301e-07
-9.283775890990604725e-05
2.218694351582407127e-07
2.028170165788341609e-06
-1.498649678742000006e-03
6.817854662208379897e-07
5.502304626173455436e-08
3.414423316671294419e-03
1.893611073608871107e-08
-7.779598152704471942e-08
-1.713551691590099865e-03
-2.548226252443182042e-08
-2.414805532028503189e-07
-3.078619989292340209e-03
-8.261044144861510030e-08
5.096924638237640465e-07
6.302624476718974786e-03
1.802481413237917335e-07
1.947842079714276284e-06
-1.168797705359321498e-08
-9.347023615583807676e-02
-1.295289061028638643e-08
-2.493082904413476731e-06
-7.315952504557206541e-10
-1.824998729533975266e-09
-2.101755516909032187e-02
-3.314333575710993968e-09
1.844553792882687556e-09
2.662350764589198692e-07
1.312961544378320147e-09
-4.358203156063259268e-03
1.185422669742849328e-09
-3.398775012394458224e-07
1.706661166733027559e-07
8.339144345776561327e-10
-2.624578480725238937e-03
1.539167985529526896e-09
-2.187076505647447416e-07
2.296479550464456107e-07
-5.556150498645180151e-10
-3.655689208545312256e-04
7.264731044467230337e-10
-2.947729576906155731e-07
-3.640421730271099948e-07
2.839236885873493100e-09
-5.839431229863458958e-04
1.002607215326749387e-09
4.650348202613181249e-07
3.467660961240925932e-02
-5.583517935040286355e-10
-4.659015253593353936e-08
-7.668859698136716715e-05
-2.041392878639284301e-09
3.376567197556020424e-09
5.390293299104591263e-02
-8.703561845746844369e-03
-2.977670292858800682e-09
-4.025206307180738250e-08
2.914911132316363117e-04
-2.518166305422352736e-08
3.114745849558261713e-09
-1.349461268392058641e-02
2.298933450636545840e-03
7.148846534371463659e-09
5.164737228854552423e-08
-4.669996307482475288e-04
2.983536631803876911e-08
-7.461929077513690432e-09
3.528421596046916152e-03
8.677448465244356743e-08
-4.330377498328251250e-05
-5.172157274562441654e-08
8.246298951295922385e-10
2.395435112006649627e-03
1.091941048413936781e-09
6.634110176818339866e-08
-1.349460435745271976e-04
-1.671018275084589137e-08
-3.325507043798444862e+00
4.609984693000580336e+00
1.492330516146321839e+00
3.790270419702052029e-02
-2.043295691376403767e+00
2.509246263525660048e+00
1.331903052410847499e+00
3.618104911734703055e+00
1.047018132142567433e-04
-7.928948657326546608e-04
-7.125543719492699764e-05
1.423569456004540623e-04
-1.592167059426476561e-03
-8.160602424652654385e-05
2.882226588991678652e-05
-3.227055744112520240e-03
1.907221364385427566e-05
-1.721970985006327041e-05
2.757140232969085801e-03
-7.841361354232796206e-06
-2.505364797987265550e-05
4.458734938238125868e-03
1.673656286567291797e-05
9.980706088586756728e-06
-2.837985234236384963e-03
-2.056049592271869914e-05
9.526398061563008850e-06
-6.499543538558376701e-03
-3.899897120121657075e-05
-3.920897916459853844e-05
-2.096767967600482137e-04
-2.765537370523230704e-02
4.699780938765826604e-05
1.897812455733558174e-04
-2.117441813348014539e-05
-5.081556298721142940e-05
-5.131691447412840140e-03
-9.930033592837760154e-06
7.870669178094973236e-05
8.365860894416805052e-06
1.215099885979926070e-05
-9.347293486344738361e-03
-6.151510472056229617e-06
-2.450064239817072241e-05
7.258021805063959472e-06
2.252710267248641144e-05
-1.225189024860191128e-02
-1.023749110289128612e-05
-2.228929496785053908e-05
-1.947318804576005273e-06
-1.029012781325460026e-05
3.903551778016994041e-03
1.113147095796310236e-05
1.467801960694820985e-06
-2.264164440711226493e-06
-6.090947809215694071e-06
1.926675526410896082e-03
2.901202765006483057e-05
-1.225444567406568764e-05
-2.885784840962851705e-02
-1.609871329066115607e-05
-6.237188068760128568e-05
1.081297686786920897e-04
7.606725453140692611e-05
1.627853139096251893e-05
-4.492088276918002748e-02
1.656545687762817423e-02
6.794352587544098148e-06
4.764047076758633588e-05
-2.492623943726519258e-05
-5.555305803101918022e-05
-1.105884168779879191e-05
2.577678298181838856e-02
-1.472175304639574550e-02
-2.657187232575042201e-06
-5.795528681981107586e-05
-5.383989655891551190e-06
6.829082823954454623e-05
8.082250534829137707e-06
-2.291197016589102339e-02
1.282884840588056109e-05
5.836712636976330036e-06
3.140901547934784787e-06
1.232340222079253108e-05
1.734827523029927729e-03
-1.863332589588761725e-05
-3.378375106529005357e-06
1.002331996178545038e-05
-1.459620243700673683e-05
-2.807487714744981044e+00
1.891701189310391662e+00
-3.524427025626776788e-01
1.605071940884374548e+00
1.362192028136919753e+00
9.458416899717023707e-01
4.257371784988216445e-01
1.670571250885824810e+00
2.143025223960561384e-07
-1.871507158932432004e-04
4.988852563298859245e-05
1.584056935778858441e-05
-1.699442569344674064e-03
1.201886873830051522e-04
1.311609859977407142e-06
3.428990233300930907e-03
1.048622218213891623e-06
1.520822921780863094e-05
-1.691190297980624301e-03
-1.609841378584343245e-06
1.491467396905019562e-05
-3.062413771777326883e-03
5.686864037285878506e-07
2.077152512782355094e-05
6.353279930509081116e-03
-1.138608575939868299e-05
-1.167931943273982397e-04
9.403085533843037909e-05
-9.350602268707362830e-02
8.868164407370832103e-05
-1.231162909120654789e-04
-2.247401870379893849e-05
-2.711521285399943784e-05
-2.107437835727954401e-02
3.304900219289629742e-06
-3.825744433459092060e-06
-1.567109257778423080e-06
2.338643445074819994e-05
-4.335221050414408105e-03
5.854779355385174690e-06
-8.274415401306677801e-06
-4.893540423303566043e-06
2.341378480901652861e-05
-2.597877402799503559e-03
3.003820848052481492e-06
-9.946463545572223038e-06
-1.151362110832026579e-05
3.250232593837979638e-05
-3.389768642756892667e-04
8.632604604076071520e-06
-1.691089869335095749e-05
8.377063959842852032e-06
-2.998442607180513937e-05
-5.964068572830959203e-04
-1.265570187580015215e-05
1.437980196184257477e-05
3.458930790716078368e-02
9.287045043228925605e-05
8.431465184919376924e-05
9.575891659663771528e-05
-4.199411078057601514e-05
4.166449947804343141e-05
5.404682047078529505e-02
-8.643100651404856186e-03
-7.245543661279509572e-05
-6.411083226770098560e-05
1.535674966748509481e-04
3.502401932903352020e-05
-2.647741307222420279e-05
-1.359071295658905755e-02
2.236556561450175635e-03
7.769577145980040018e-05
5.321188337132660436e-05
-3.179095035037292783e-04
-4.357871287295257169e-05
3.211531149621392749e-05
3.626186200117135529e-03
6.203206551232194501e-07
-6.191678587274355712e-05
9.643568003794053111e-06
7.883344245957347833e-06
2.403382253830599249e-03
-1.074730511465510981e-06
6.012104139136508976e-06
-1.049027965378867893e-04
-2.122837800824528440e-05
-3.325508463006646043e+00
4.610029015659889318e+00
1.492328507824922434e+00
3.787658949194294689e-02
-2.043269654607074326e+00
2.509212715477571187e+00
1.331906485779728477e+00
3.618120853501274325e+00
7.145222522191181907e-05
-5.816722451724303010e-04
1.659033318415392873e-04
1.109515442004992684e-04
-1.311372231079722950e-03
2.353877456810483904e-04
5.478316179361682788e-05
-3.163977602691838385e-03
7.096201409327495733e-05
-2.952983904778562436e-05
2.729239544847244636e-03
-4.018590077197461096e-05
-1.740276694352988401e-05
4.407315341106577203e-03
-3.997007200276642532e-05
-5.727399307375094698e-06
-2.814443214895892987e-03
6.674426787294909631e-06
-2.311468645204773744e-05
-6.477153279038552064e-03
-6.525332226644202253e-06
-5.362720403816274221e-05
-2.323174781765327719e-04
-2.810090486037758808e-02
-4.020774292279271061e-04
-5.822994634084373587e-05
-3.454220265732301350e-05
-7.586533692450898284e-05
-5.252806076885867086e-03
-1.121173832923418327e-04
-1.964483586993889783e-05
1.492214652968219562e-05
1.032478116806482100e-05
-9.326155424847614589e-03
2.096878997751336322e-05
4.277113119122469887e-06
1.276427699659114250e-05
2.020214554153685458e-05
-1.219302212075501490e-02
3.965097894271593383e-05
4.278861135484152984e-06
-4.522634906203806187e-06
-3.299199628900182600e-06
3.869348198059754679e-03
-1.366748134113010593e-05
1.024926878291469553e-06
-8.485236210854506684e-06
1.863307639915614205e-05
1.900117787213091800e-03
7.315843295470378932e-06
8.109629249418845028e-06
-2.883709943650309554e-02
-3.628450450073519439e-05
-1.246270353540580918e-05
-5.819362768368909963e-05
-7.762803435494343310e-05
6.820460171199142324e-06
-4.495341208748799416e-02
1.655663018917724258e-02
1.420585466314525872e-05
1.178365931064417484e-05
9.287247333530714868e-05
6.096834636149223825e-05
-8.278173678587007615e-07
2.579059191735126946e-02
-1.472382609882864554e-02
-4.606094865860927828e-06
-1.359179481577783583e-05
-1.516113570347409740e-04
-7.347180360748510955e-05
-1.529834266730192109e-06
-2.290869033803702784e-02
-7.510125659399587269e-06
9.543442419743708273e-06
6.432056166239907075e-06
-9.695130412611317581e-07
1.765885474482143270e-03
1.271360959125595079e-05
-1.185880007165761331e-06
4.488479332762506134e-06
-1.304000746806965074e-05
-2.807487713957183662e+00
1.891701190349332151e+00
-3.524427017617108304e-01
1.605071940436133104e+00
1.362192028583969705e+00
9.458416905210479397e-01
4.257371784518506064e-01
1.670571250374904837e+00
-4.212033061117536199e-05
-1.871619791932284057e-04
-2.498870459649422962e-05
-1.083801765473085674e-04
-1.699467875177515823e-03
-4.707801627862569699e-05
-1.465480207273065926e-06
3.428992058675763097e-03
5.924122317691039461e-07
-6.353068366283522276e-06
-1.691189460567208130e-03
1.400097134310933776e-05
-8.387985292620796799e-06
-3.062413895186103137e-03
1.271431799589015087e-05
3.899598441835823169e-07
6.353283801879202296e-03
2.350246740219109825e-05
-4.309470978373640166e-05
-1.238730205842267988e-04
-9.350603945419362628e-02
3.708779394909789162e-05
1.606504207973468389e-04
7.927500997341815095e-06
1.069764483944113094e-05
-2.107438201111744638e-02
-2.513132239882716874e-05
2.138092293604708138e-05
-5.686988050019503349e-06
-1.676744519038255184e-05
-4.335221861821317649e-03
1.732299682381201915e-05
5.214128652475060908e-06
-5.718851172187290747e-06
-1.431251817296727016e-05
-2.597877623497561479e-03
1.877227523597202355e-05
9.030192525148868845e-06
-8.282944717494313431e-06
-2.373694995290556763e-05
-3.389783293053022983e-04
2.382838729589571508e-05
1.818256307076660406e-05
7.311554648899659350e-06
2.596634319343715135e-05
-5.964041598012652422e-04
-1.963738926703339718e-05
-1.406160953450275242e-05
3.458930938581668280e-02
-1.038771795182657465e-05
-5.884938239352719433e-06
9.576686510693731714e-05
9.402195902014452028e-05
-1.012637917789991455e-04
5.404681815814604134e-02
-8.643102846881547258e-03
1.331388075047774730e-05
1.659515758194979935e-06
1.535590686219572357e-04
-7.301214909824438272e-05
7.599621668763939823e-05
-1.359070959200255405e-02
2.236559555213137561e-03
-1.104379541760826012e-05
1.122296097196490429e-05
-3.178981257641907802e-04
6.784782416319667595e-05
-8.335625290443576243e-05
3.626181568264981100e-03
1.819508690349240238e-05
-6.191786678457514249e-05
2.463290511135906202e-07
-3.011147463798023378e-06
2.403381796086039544e-03
7.363419955129309907e-06
-1.130349839431099340e-05
-1.049010313185418938e-04
1.105259516551705093e-05
-3.325507043712797817e+00
4.609984693544229017e+00
1.492330515661134394e+00
3.790270375167619638e-02
-2.043295690368426065e+00
2.509246262916834613e+00
1.331903052733490300e+00
3.618104912243697679e+00
1.121258819506803927e-05
-7.928804936594245753e-04
1.259394242301728971e-04
2.611428514226579184e-06
-1.592149324610513117e-03
1.634788612591359721e-04
-2.925122866589719645e-05
-3.227057180716762057e-03
1.509751086884636116e-05
1.462710305164624405e-05
2.757140228059372540e-03
-1.084074976031993822e-05
-2.356053200970163419e-06
4.458731189727327231e-03
-2.998916206481549323e-05
1.271510336177551821e-05
-2.837981552885091713e-03
1.894358548017658947e-05
2.856808322932179222e-05
-6.499537225452977143e-03
2.783667807677024550e-05
1.873925292909968117e-04
6.416555140388384947e-05
-2.765538820529864217e-02
-2.050698711445062743e-04
-6.228938562554752563e-05
8.005409045566272495e-05
3.401729818370103438e-05
-5.131692939847304347e-03
-3.903798743836980526e-05
-2.152999034130336582e-05
-2.528313172193458693e-05
-7.467516750433031047e-07
-9.347292374250066802e-03
1.359765490944389616e-05
4.955659135213875328e-06
-2.299246675134291438e-05
-2.396077570726214681e-06
-1.225188743659461933e-02
2.462572241150260950e-05
4.880905617715551072e-06
2.351437488829114903e-06
-4.495878496648185549e-06
3.903549355446816593e-03
-1.447676873991072414e-05
9.101538159426746690e-07
-9.592250878670225352e-06
-2.208175342518123963e-05
1.926670667650666642e-03
-1.978203234895427632e-05
8.131839099395405426e-06
-2.885783948310383443e-02
2.215733637586216005e-05
-3.431545616051756819e-05
1.081143661474319559e-04
-9.212007181134772684e-05
5.800592009460996958e-06
-4.492089773292302218e-02
1.656544898319601070e-02
-1.297958658157497838e-05
2.409369369585978579e-05
-2.491457999643359716e-05
6.907100638587899792e-05
-3.538187359927452640e-07
2.577679613062745789e-02
-1.472174478167644768e-02
8.334297157758677817e-06
-2.996476015659323616e-05
-5.399012580813730786e-06
-8.437313857859426503e-05
-1.741652170315196754e-06
-2.291198405301200780e-02
6.313665132031901318e-06
5.836100864142589181e-06
-4.530309325772359693e-06
9.975106817345269329e-06
1.734831558212638269e-03
1.998907429445757048e-05
-1.017685114919140240e-06
1.002434640933630426e-05
1.832916508796808314e-05
-2.807486173919997885e+00
1.891725085349274860e+00
-3.524424962913553783e-01
1.605083407723412847e+00
1.362190050473064629e+00
9.458397187765321679e-01
4.257373418764812678e-01
1.670568060776120856e+00
-7.866081919814234085e-05
-2.805056597710055819e-04
-1.057008792001136400e-04
-1.867896273052626970e-04
-1.914756787704929592e-03
-2.607419194099214492e-04
-1.403985261469007889e-06
3.445970404225584018e-03
-2.708030935596167451e-06
4.558944669296979732e-06
-1.695481279670328113e-03
-3.388907770102224476e-06
8.077580965978467102e-07
-3.077691190797946907e-03
-8.175707145015760217e-06
2.176281091472029376e-05
6.369786946343165834e-03
1.597736253183447763e-05
-7.110217409888726857e-05
-1.286735838463629045e-04
-9.374272342224609922e-02
-2.310842498848214382e-04
-4.110065574992488341e-05
2.483363811467166886e-05
-9.016439088818645588e-06
-2.107964333491716552e-02
4.891450669761076230e-06
-1.771428405916705082e-05
-1.320255780216959341e-05
-6.127176027546723277e-06
-4.364345558175208688e-03
-2.283190301958898090e-05
2.392594315976538774e-06
-1.228011583887902075e-05
-1.576588610906204391e-06
-2.622542764265697011e-03
-1.676938132907918852e-05
6.497948002262339160e-07
-1.655243156815742813e-05
-9.316226055807939855e-06
-3.839082948421268667e-04
-3.282240857477885290e-05
-1.538293140124095674e-06
1.524642237668679560e-05
1.608442123092111259e-05
-5.440766259292000723e-04
4.029368766843822677e-05
5.463571272350630620e-07
3.465276837532253046e-02
-5.015022536461662963e-05
7.852331301154124037e-05
6.998843006314199415e-05
5.235528178280811535e-05
5.898861427308190223e-05
5.394168827921326514e-02
-8.710212724911781806e-03
5.112043553004263889e-05
-6.482377173871806868e-05
1.410156544445678511e-04
-4.675572604530729909e-05
-4.936208680384685177e-05
-1.348471480407663868e-02
2.320209485705393166e-03
-4.706541444746270152e-05
7.704870754739923556e-05
-2.687258977824663023e-04
6.996997757793787761e-05
5.087027211262123966e-05
3.495520898879148422e-03
-1.065247933136861578e-07
-7.466732913409008111e-05
-2.362120310953028947e-06
2.555067218215983861e-06
2.384658277715590545e-03
-1.590649040732037721e-06
5.398424738335633004e-06
-8.556949294350510004e-05
5.138803486743039810e-05
-3.325508462555784028e+00
4.610029007596831541e+00
1.492328507822127559e+00
3.787659439395232863e-02
-2.043269658827457036e+00
2.509212721907117416e+00
1.331906485471914481e+00
3.618120850735309091e+00
1.091830840543473461e-04
-5.817017205762991562e-04
-1.434089483295258080e-04
1.504509497047725581e-04
-1.311414010179067988e-03
-2.113887851738391300e-04
3.518493894202514422e-05
-3.163995038560031212e-03
-8.163555496235753571e-05
-2.055453502877000959e-05
2.729246795987001414e-03
4.507213357829370829e-05
-2.617193017902847511e-05
4.407322012641897054e-03
3.475828614044028250e-05
8.574966042971680956e-06
-2.814443191541708949e-03
1.545352112303950774e-06
5.606811214555630387e-06
-6.477148464535875325e-03
2.294000976998120797e-05
7.778159336989519011e-05
-2.320347537622837039e-04
-2.810081910184783829e-02
4.022670899232516683e-04
-2.097994872322488249e-05
3.449023901219017011e-05
-5.916052406729297580e-05
-5.252777629359250619e-03
1.217714294409562623e-04
-2.147970264851925217e-05
-1.114891048244894674e-05
1.299783267558150203e-05
-9.326158434032989428e-03
-1.942555941425848855e-05
1.065752767018481563e-05
-1.009872274684500314e-05
2.423846708395227279e-05
-1.219303182882278992e-02
-3.732120744322135704e-05
8.978176373969975143e-06
1.390474910313088689e-06
-1.018646379753176101e-05
3.869352290099303034e-03
9.690760387453408283e-06
-4.542751359430973113e-06
-2.797639954244761600e-06
-2.979100216617602140e-06
1.900115893523488236e-03
-1.979653272271829581e-05
-1.128444061514152434e-05
-2.883709550188759407e-02
1.224020754411172659e-05
-6.074033650256746022e-05
-5.817792791697423780e-05
4.989802675829761996e-05
-3.484313991757495414e-05
-4.495341950688044180e-02
1.655662481527281002e-02
-6.388179776467969187e-06
4.677283177690160615e-05
9.286229749460282474e-05
-4.084228832632495960e-05
1.272133574779288366e-05
2.579060075636564753e-02
-1.472381833576877005e-02
3.629494492995657232e-06
-5.669416333214509382e-05
-1.515995907234327718e-04
4.866245106090156354e-05
-3.230360175722203666e-06
-2.290870269268561674e-02
-7.425698951944564570e-06
9.542253930713683340e-06
-2.194842734488218299e-06
1.149335576329172882e-05
1.765883946885560187e-03
-5.517701675499709585e-06
6.199295128305610539e-06
4.490280322270956100e-06
1.306013092281777204e-05
